mobility	selfcare	activity	pain	anxiety	EQ5Dindex
1	1	1	1	1	1.000
1	1	1	1	2	0.814
1	1	1	1	3	0.766
1	1	1	1	4	0.660
1	1	1	1	5	0.549
1	1	1	2	1	0.780
1	1	1	2	2	0.723
1	1	1	2	3	0.708
1	1	1	2	4	0.602
1	1	1	2	5	0.491
1	1	1	3	1	0.726
1	1	1	3	2	0.701
1	1	1	3	3	0.694
1	1	1	3	4	0.588
1	1	1	3	5	0.477
1	1	1	4	1	0.616
1	1	1	4	2	0.590
1	1	1	4	3	0.584
1	1	1	4	4	0.505
1	1	1	4	5	0.422
1	1	1	5	1	0.450
1	1	1	5	2	0.425
1	1	1	5	3	0.418
1	1	1	5	4	0.380
1	1	1	5	5	0.340
1	1	2	1	1	0.791
1	1	2	1	2	0.734
1	1	2	1	3	0.719
1	1	2	1	4	0.612
1	1	2	1	5	0.502
1	1	2	2	1	0.701
1	1	2	2	2	0.669
1	1	2	2	3	0.661
1	1	2	2	4	0.555
1	1	2	2	5	0.444
1	1	2	3	1	0.679
1	1	2	3	2	0.653
1	1	2	3	3	0.647
1	1	2	3	4	0.540
1	1	2	3	5	0.430
1	1	2	4	1	0.568
1	1	2	4	2	0.543
1	1	2	4	3	0.536
1	1	2	4	4	0.457
1	1	2	4	5	0.375
1	1	2	5	1	0.403
1	1	2	5	2	0.377
1	1	2	5	3	0.371
1	1	2	5	4	0.332
1	1	2	5	5	0.293
1	1	3	1	1	0.739
1	1	3	1	2	0.714
1	1	3	1	3	0.707
1	1	3	1	4	0.601
1	1	3	1	5	0.490
1	1	3	2	1	0.681
1	1	3	2	2	0.656
1	1	3	2	3	0.649
1	1	3	2	4	0.543
1	1	3	2	5	0.432
1	1	3	3	1	0.667
1	1	3	3	2	0.642
1	1	3	3	3	0.635
1	1	3	3	4	0.529
1	1	3	3	5	0.418
1	1	3	4	1	0.557
1	1	3	4	2	0.531
1	1	3	4	3	0.525
1	1	3	4	4	0.446
1	1	3	4	5	0.363
1	1	3	5	1	0.391
1	1	3	5	2	0.366
1	1	3	5	3	0.359
1	1	3	5	4	0.321
1	1	3	5	5	0.281
1	1	4	1	1	0.674
1	1	4	1	2	0.649
1	1	4	1	3	0.642
1	1	4	1	4	0.558
1	1	4	1	5	0.471
1	1	4	2	1	0.616
1	1	4	2	2	0.591
1	1	4	2	3	0.584
1	1	4	2	4	0.500
1	1	4	2	5	0.413
1	1	4	3	1	0.602
1	1	4	3	2	0.577
1	1	4	3	3	0.570
1	1	4	3	4	0.486
1	1	4	3	5	0.399
1	1	4	4	1	0.510
1	1	4	4	2	0.485
1	1	4	4	3	0.478
1	1	4	4	4	0.412
1	1	4	4	5	0.344
1	1	4	5	1	0.372
1	1	4	5	2	0.346
1	1	4	5	3	0.340
1	1	4	5	4	0.301
1	1	4	5	5	0.262
1	1	5	1	1	0.541
1	1	5	1	2	0.516
1	1	5	1	3	0.509
1	1	5	1	4	0.471
1	1	5	1	5	0.431
1	1	5	2	1	0.483
1	1	5	2	2	0.458
1	1	5	2	3	0.451
1	1	5	2	4	0.413
1	1	5	2	5	0.373
1	1	5	3	1	0.469
1	1	5	3	2	0.444
1	1	5	3	3	0.437
1	1	5	3	4	0.399
1	1	5	3	5	0.359
1	1	5	4	1	0.414
1	1	5	4	2	0.389
1	1	5	4	3	0.382
1	1	5	4	4	0.344
1	1	5	4	5	0.304
1	1	5	5	1	0.332
1	1	5	5	2	0.307
1	1	5	5	3	0.300
1	1	5	5	4	0.262
1	1	5	5	5	0.222
1	2	1	1	1	0.731
1	2	1	1	2	0.679
1	2	1	1	3	0.665
1	2	1	1	4	0.559
1	2	1	1	5	0.448
1	2	1	2	1	0.646
1	2	1	2	2	0.616
1	2	1	2	3	0.608
1	2	1	2	4	0.501
1	2	1	2	5	0.391
1	2	1	3	1	0.625
1	2	1	3	2	0.600
1	2	1	3	3	0.593
1	2	1	3	4	0.487
1	2	1	3	5	0.376
1	2	1	4	1	0.515
1	2	1	4	2	0.490
1	2	1	4	3	0.483
1	2	1	4	4	0.404
1	2	1	4	5	0.322
1	2	1	5	1	0.349
1	2	1	5	2	0.324
1	2	1	5	3	0.317
1	2	1	5	4	0.279
1	2	1	5	5	0.239
1	2	2	1	1	0.657
1	2	2	1	2	0.626
1	2	2	1	3	0.618
1	2	2	1	4	0.511
1	2	2	1	5	0.401
1	2	2	2	1	0.594
1	2	2	2	2	0.567
1	2	2	2	3	0.560
1	2	2	2	4	0.454
1	2	2	2	5	0.343
1	2	2	3	1	0.578
1	2	2	3	2	0.553
1	2	2	3	3	0.546
1	2	2	3	4	0.439
1	2	2	3	5	0.329
1	2	2	4	1	0.468
1	2	2	4	2	0.442
1	2	2	4	3	0.436
1	2	2	4	4	0.356
1	2	2	4	5	0.274
1	2	2	5	1	0.302
1	2	2	5	2	0.277
1	2	2	5	3	0.270
1	2	2	5	4	0.232
1	2	2	5	5	0.192
1	2	3	1	1	0.638
1	2	3	1	2	0.613
1	2	3	1	3	0.606
1	2	3	1	4	0.500
1	2	3	1	5	0.389
1	2	3	2	1	0.581
1	2	3	2	2	0.555
1	2	3	2	3	0.549
1	2	3	2	4	0.442
1	2	3	2	5	0.332
1	2	3	3	1	0.566
1	2	3	3	2	0.541
1	2	3	3	3	0.534
1	2	3	3	4	0.428
1	2	3	3	5	0.317
1	2	3	4	1	0.456
1	2	3	4	2	0.431
1	2	3	4	3	0.424
1	2	3	4	4	0.345
1	2	3	4	5	0.263
1	2	3	5	1	0.290
1	2	3	5	2	0.265
1	2	3	5	3	0.258
1	2	3	5	4	0.220
1	2	3	5	5	0.180
1	2	4	1	1	0.573
1	2	4	1	2	0.548
1	2	4	1	3	0.541
1	2	4	1	4	0.457
1	2	4	1	5	0.370
1	2	4	2	1	0.516
1	2	4	2	2	0.490
1	2	4	2	3	0.484
1	2	4	2	4	0.399
1	2	4	2	5	0.312
1	2	4	3	1	0.501
1	2	4	3	2	0.476
1	2	4	3	3	0.469
1	2	4	3	4	0.385
1	2	4	3	5	0.298
1	2	4	4	1	0.409
1	2	4	4	2	0.384
1	2	4	4	3	0.377
1	2	4	4	4	0.311
1	2	4	4	5	0.243
1	2	4	5	1	0.271
1	2	4	5	2	0.245
1	2	4	5	3	0.239
1	2	4	5	4	0.201
1	2	4	5	5	0.161
1	2	5	1	1	0.440
1	2	5	1	2	0.415
1	2	5	1	3	0.408
1	2	5	1	4	0.370
1	2	5	1	5	0.330
1	2	5	2	1	0.383
1	2	5	2	2	0.357
1	2	5	2	3	0.351
1	2	5	2	4	0.312
1	2	5	2	5	0.273
1	2	5	3	1	0.368
1	2	5	3	2	0.343
1	2	5	3	3	0.336
1	2	5	3	4	0.298
1	2	5	3	5	0.258
1	2	5	4	1	0.314
1	2	5	4	2	0.288
1	2	5	4	3	0.282
1	2	5	4	4	0.243
1	2	5	4	5	0.204
1	2	5	5	1	0.231
1	2	5	5	2	0.206
1	2	5	5	3	0.199
1	2	5	5	4	0.161
1	2	5	5	5	0.121
1	3	1	1	1	0.677
1	3	1	1	2	0.652
1	3	1	1	3	0.645
1	3	1	1	4	0.539
1	3	1	1	5	0.428
1	3	1	2	1	0.619
1	3	1	2	2	0.594
1	3	1	2	3	0.587
1	3	1	2	4	0.481
1	3	1	2	5	0.370
1	3	1	3	1	0.605
1	3	1	3	2	0.580
1	3	1	3	3	0.573
1	3	1	3	4	0.467
1	3	1	3	5	0.356
1	3	1	4	1	0.495
1	3	1	4	2	0.469
1	3	1	4	3	0.463
1	3	1	4	4	0.384
1	3	1	4	5	0.301
1	3	1	5	1	0.329
1	3	1	5	2	0.304
1	3	1	5	3	0.297
1	3	1	5	4	0.259
1	3	1	5	5	0.219
1	3	2	1	1	0.630
1	3	2	1	2	0.604
1	3	2	1	3	0.598
1	3	2	1	4	0.491
1	3	2	1	5	0.381
1	3	2	2	1	0.572
1	3	2	2	2	0.547
1	3	2	2	3	0.540
1	3	2	2	4	0.434
1	3	2	2	5	0.323
1	3	2	3	1	0.558
1	3	2	3	2	0.532
1	3	2	3	3	0.526
1	3	2	3	4	0.419
1	3	2	3	5	0.309
1	3	2	4	1	0.447
1	3	2	4	2	0.422
1	3	2	4	3	0.415
1	3	2	4	4	0.336
1	3	2	4	5	0.254
1	3	2	5	1	0.282
1	3	2	5	2	0.256
1	3	2	5	3	0.250
1	3	2	5	4	0.211
1	3	2	5	5	0.172
1	3	3	1	1	0.618
1	3	3	1	2	0.593
1	3	3	1	3	0.586
1	3	3	1	4	0.480
1	3	3	1	5	0.369
1	3	3	2	1	0.560
1	3	3	2	2	0.535
1	3	3	2	3	0.528
1	3	3	2	4	0.422
1	3	3	2	5	0.311
1	3	3	3	1	0.546
1	3	3	3	2	0.521
1	3	3	3	3	0.514
1	3	3	3	4	0.408
1	3	3	3	5	0.297
1	3	3	4	1	0.436
1	3	3	4	2	0.410
1	3	3	4	3	0.404
1	3	3	4	4	0.325
1	3	3	4	5	0.242
1	3	3	5	1	0.270
1	3	3	5	2	0.245
1	3	3	5	3	0.238
1	3	3	5	4	0.200
1	3	3	5	5	0.160
1	3	4	1	1	0.553
1	3	4	1	2	0.528
1	3	4	1	3	0.521
1	3	4	1	4	0.437
1	3	4	1	5	0.350
1	3	4	2	1	0.495
1	3	4	2	2	0.470
1	3	4	2	3	0.463
1	3	4	2	4	0.379
1	3	4	2	5	0.292
1	3	4	3	1	0.481
1	3	4	3	2	0.456
1	3	4	3	3	0.449
1	3	4	3	4	0.365
1	3	4	3	5	0.278
1	3	4	4	1	0.389
1	3	4	4	2	0.364
1	3	4	4	3	0.357
1	3	4	4	4	0.291
1	3	4	4	5	0.223
1	3	4	5	1	0.251
1	3	4	5	2	0.225
1	3	4	5	3	0.219
1	3	4	5	4	0.180
1	3	4	5	5	0.141
1	3	5	1	1	0.420
1	3	5	1	2	0.395
1	3	5	1	3	0.388
1	3	5	1	4	0.350
1	3	5	1	5	0.310
1	3	5	2	1	0.362
1	3	5	2	2	0.337
1	3	5	2	3	0.330
1	3	5	2	4	0.292
1	3	5	2	5	0.252
1	3	5	3	1	0.348
1	3	5	3	2	0.323
1	3	5	3	3	0.316
1	3	5	3	4	0.278
1	3	5	3	5	0.238
1	3	5	4	1	0.293
1	3	5	4	2	0.268
1	3	5	4	3	0.261
1	3	5	4	4	0.223
1	3	5	4	5	0.183
1	3	5	5	1	0.211
1	3	5	5	2	0.186
1	3	5	5	3	0.179
1	3	5	5	4	0.141
1	3	5	5	5	0.101
1	4	1	1	1	0.614
1	4	1	1	2	0.588
1	4	1	1	3	0.582
1	4	1	1	4	0.492
1	4	1	1	5	0.399
1	4	1	2	1	0.556
1	4	1	2	2	0.531
1	4	1	2	3	0.524
1	4	1	2	4	0.434
1	4	1	2	5	0.341
1	4	1	3	1	0.542
1	4	1	3	2	0.516
1	4	1	3	3	0.510
1	4	1	3	4	0.420
1	4	1	3	5	0.327
1	4	1	4	1	0.445
1	4	1	4	2	0.420
1	4	1	4	3	0.413
1	4	1	4	4	0.344
1	4	1	4	5	0.272
1	4	1	5	1	0.300
1	4	1	5	2	0.274
1	4	1	5	3	0.268
1	4	1	5	4	0.229
1	4	1	5	5	0.190
1	4	2	1	1	0.566
1	4	2	1	2	0.541
1	4	2	1	3	0.534
1	4	2	1	4	0.445
1	4	2	1	5	0.351
1	4	2	2	1	0.509
1	4	2	2	2	0.483
1	4	2	2	3	0.477
1	4	2	2	4	0.387
1	4	2	2	5	0.294
1	4	2	3	1	0.494
1	4	2	3	2	0.469
1	4	2	3	3	0.462
1	4	2	3	4	0.373
1	4	2	3	5	0.279
1	4	2	4	1	0.398
1	4	2	4	2	0.372
1	4	2	4	3	0.366
1	4	2	4	4	0.296
1	4	2	4	5	0.225
1	4	2	5	1	0.252
1	4	2	5	2	0.227
1	4	2	5	3	0.220
1	4	2	5	4	0.182
1	4	2	5	5	0.142
1	4	3	1	1	0.555
1	4	3	1	2	0.529
1	4	3	1	3	0.523
1	4	3	1	4	0.433
1	4	3	1	5	0.340
1	4	3	2	1	0.497
1	4	3	2	2	0.472
1	4	3	2	3	0.465
1	4	3	2	4	0.375
1	4	3	2	5	0.282
1	4	3	3	1	0.483
1	4	3	3	2	0.457
1	4	3	3	3	0.451
1	4	3	3	4	0.361
1	4	3	3	5	0.268
1	4	3	4	1	0.386
1	4	3	4	2	0.361
1	4	3	4	3	0.354
1	4	3	4	4	0.285
1	4	3	4	5	0.213
1	4	3	5	1	0.241
1	4	3	5	2	0.215
1	4	3	5	3	0.209
1	4	3	5	4	0.170
1	4	3	5	5	0.131
1	4	4	1	1	0.501
1	4	4	1	2	0.475
1	4	4	1	3	0.469
1	4	4	1	4	0.396
1	4	4	1	5	0.320
1	4	4	2	1	0.443
1	4	4	2	2	0.418
1	4	4	2	3	0.411
1	4	4	2	4	0.338
1	4	4	2	5	0.263
1	4	4	3	1	0.429
1	4	4	3	2	0.403
1	4	4	3	3	0.397
1	4	4	3	4	0.324
1	4	4	3	5	0.248
1	4	4	4	1	0.346
1	4	4	4	2	0.321
1	4	4	4	3	0.314
1	4	4	4	4	0.255
1	4	4	4	5	0.193
1	4	4	5	1	0.221
1	4	4	5	2	0.196
1	4	4	5	3	0.189
1	4	4	5	4	0.151
1	4	4	5	5	0.111
1	4	5	1	1	0.391
1	4	5	1	2	0.365
1	4	5	1	3	0.359
1	4	5	1	4	0.320
1	4	5	1	5	0.281
1	4	5	2	1	0.333
1	4	5	2	2	0.308
1	4	5	2	3	0.301
1	4	5	2	4	0.263
1	4	5	2	5	0.223
1	4	5	3	1	0.319
1	4	5	3	2	0.293
1	4	5	3	3	0.287
1	4	5	3	4	0.248
1	4	5	3	5	0.209
1	4	5	4	1	0.264
1	4	5	4	2	0.238
1	4	5	4	3	0.232
1	4	5	4	4	0.194
1	4	5	4	5	0.154
1	4	5	5	1	0.182
1	4	5	5	2	0.156
1	4	5	5	3	0.150
1	4	5	5	4	0.111
1	4	5	5	5	0.072
1	5	1	1	1	0.417
1	5	1	1	2	0.392
1	5	1	1	3	0.385
1	5	1	1	4	0.347
1	5	1	1	5	0.307
1	5	1	2	1	0.359
1	5	1	2	2	0.334
1	5	1	2	3	0.327
1	5	1	2	4	0.289
1	5	1	2	5	0.249
1	5	1	3	1	0.345
1	5	1	3	2	0.320
1	5	1	3	3	0.313
1	5	1	3	4	0.275
1	5	1	3	5	0.235
1	5	1	4	1	0.290
1	5	1	4	2	0.265
1	5	1	4	3	0.258
1	5	1	4	4	0.220
1	5	1	4	5	0.180
1	5	1	5	1	0.208
1	5	1	5	2	0.183
1	5	1	5	3	0.176
1	5	1	5	4	0.138
1	5	1	5	5	0.098
1	5	2	1	1	0.370
1	5	2	1	2	0.344
1	5	2	1	3	0.338
1	5	2	1	4	0.299
1	5	2	1	5	0.260
1	5	2	2	1	0.312
1	5	2	2	2	0.287
1	5	2	2	3	0.280
1	5	2	2	4	0.242
1	5	2	2	5	0.202
1	5	2	3	1	0.298
1	5	2	3	2	0.272
1	5	2	3	3	0.266
1	5	2	3	4	0.227
1	5	2	3	5	0.188
1	5	2	4	1	0.243
1	5	2	4	2	0.218
1	5	2	4	3	0.211
1	5	2	4	4	0.173
1	5	2	4	5	0.133
1	5	2	5	1	0.161
1	5	2	5	2	0.135
1	5	2	5	3	0.129
1	5	2	5	4	0.090
1	5	2	5	5	0.051
1	5	3	1	1	0.358
1	5	3	1	2	0.333
1	5	3	1	3	0.326
1	5	3	1	4	0.288
1	5	3	1	5	0.248
1	5	3	2	1	0.300
1	5	3	2	2	0.275
1	5	3	2	3	0.268
1	5	3	2	4	0.230
1	5	3	2	5	0.190
1	5	3	3	1	0.286
1	5	3	3	2	0.261
1	5	3	3	3	0.254
1	5	3	3	4	0.216
1	5	3	3	5	0.176
1	5	3	4	1	0.231
1	5	3	4	2	0.206
1	5	3	4	3	0.199
1	5	3	4	4	0.161
1	5	3	4	5	0.121
1	5	3	5	1	0.149
1	5	3	5	2	0.124
1	5	3	5	3	0.117
1	5	3	5	4	0.079
1	5	3	5	5	0.039
1	5	4	1	1	0.339
1	5	4	1	2	0.313
1	5	4	1	3	0.307
1	5	4	1	4	0.268
1	5	4	1	5	0.229
1	5	4	2	1	0.281
1	5	4	2	2	0.256
1	5	4	2	3	0.249
1	5	4	2	4	0.211
1	5	4	2	5	0.171
1	5	4	3	1	0.267
1	5	4	3	2	0.241
1	5	4	3	3	0.235
1	5	4	3	4	0.196
1	5	4	3	5	0.157
1	5	4	4	1	0.212
1	5	4	4	2	0.187
1	5	4	4	3	0.180
1	5	4	4	4	0.142
1	5	4	4	5	0.102
1	5	4	5	1	0.130
1	5	4	5	2	0.104
1	5	4	5	3	0.098
1	5	4	5	4	0.059
1	5	4	5	5	0.020
1	5	5	1	1	0.299
1	5	5	1	2	0.274
1	5	5	1	3	0.267
1	5	5	1	4	0.229
1	5	5	1	5	0.189
1	5	5	2	1	0.241
1	5	5	2	2	0.216
1	5	5	2	3	0.209
1	5	5	2	4	0.171
1	5	5	2	5	0.131
1	5	5	3	1	0.227
1	5	5	3	2	0.202
1	5	5	3	3	0.195
1	5	5	3	4	0.157
1	5	5	3	5	0.117
1	5	5	4	1	0.172
1	5	5	4	2	0.147
1	5	5	4	3	0.140
1	5	5	4	4	0.102
1	5	5	4	5	0.062
1	5	5	5	1	0.090
1	5	5	5	2	0.065
1	5	5	5	3	0.058
1	5	5	5	4	0.020
1	5	5	5	5	-0.020
2	1	1	1	1	0.734
2	1	1	1	2	0.680
2	1	1	1	3	0.666
2	1	1	1	4	0.560
2	1	1	1	5	0.449
2	1	1	2	1	0.648
2	1	1	2	2	0.617
2	1	1	2	3	0.609
2	1	1	2	4	0.502
2	1	1	2	5	0.392
2	1	1	3	1	0.626
2	1	1	3	2	0.601
2	1	1	3	3	0.594
2	1	1	3	4	0.488
2	1	1	3	5	0.377
2	1	1	4	1	0.516
2	1	1	4	2	0.491
2	1	1	4	3	0.484
2	1	1	4	4	0.405
2	1	1	4	5	0.323
2	1	1	5	1	0.350
2	1	1	5	2	0.325
2	1	1	5	3	0.318
2	1	1	5	4	0.280
2	1	1	5	5	0.240
2	1	2	1	1	0.658
2	1	2	1	2	0.627
2	1	2	1	3	0.619
2	1	2	1	4	0.513
2	1	2	1	5	0.402
2	1	2	2	1	0.595
2	1	2	2	2	0.568
2	1	2	2	3	0.561
2	1	2	2	4	0.455
2	1	2	2	5	0.344
2	1	2	3	1	0.579
2	1	2	3	2	0.554
2	1	2	3	3	0.547
2	1	2	3	4	0.441
2	1	2	3	5	0.330
2	1	2	4	1	0.469
2	1	2	4	2	0.443
2	1	2	4	3	0.437
2	1	2	4	4	0.358
2	1	2	4	5	0.275
2	1	2	5	1	0.303
2	1	2	5	2	0.278
2	1	2	5	3	0.271
2	1	2	5	4	0.233
2	1	2	5	5	0.193
2	1	3	1	1	0.639
2	1	3	1	2	0.614
2	1	3	1	3	0.607
2	1	3	1	4	0.501
2	1	3	1	5	0.390
2	1	3	2	1	0.582
2	1	3	2	2	0.556
2	1	3	2	3	0.550
2	1	3	2	4	0.443
2	1	3	2	5	0.333
2	1	3	3	1	0.567
2	1	3	3	2	0.542
2	1	3	3	3	0.535
2	1	3	3	4	0.429
2	1	3	3	5	0.318
2	1	3	4	1	0.457
2	1	3	4	2	0.432
2	1	3	4	3	0.425
2	1	3	4	4	0.346
2	1	3	4	5	0.264
2	1	3	5	1	0.291
2	1	3	5	2	0.266
2	1	3	5	3	0.259
2	1	3	5	4	0.221
2	1	3	5	5	0.181
2	1	4	1	1	0.574
2	1	4	1	2	0.549
2	1	4	1	3	0.542
2	1	4	1	4	0.458
2	1	4	1	5	0.371
2	1	4	2	1	0.517
2	1	4	2	2	0.491
2	1	4	2	3	0.485
2	1	4	2	4	0.401
2	1	4	2	5	0.313
2	1	4	3	1	0.502
2	1	4	3	2	0.477
2	1	4	3	3	0.470
2	1	4	3	4	0.386
2	1	4	3	5	0.299
2	1	4	4	1	0.410
2	1	4	4	2	0.385
2	1	4	4	3	0.378
2	1	4	4	4	0.313
2	1	4	4	5	0.244
2	1	4	5	1	0.272
2	1	4	5	2	0.247
2	1	4	5	3	0.240
2	1	4	5	4	0.202
2	1	4	5	5	0.162
2	1	5	1	1	0.441
2	1	5	1	2	0.416
2	1	5	1	3	0.409
2	1	5	1	4	0.371
2	1	5	1	5	0.331
2	1	5	2	1	0.384
2	1	5	2	2	0.358
2	1	5	2	3	0.352
2	1	5	2	4	0.314
2	1	5	2	5	0.274
2	1	5	3	1	0.369
2	1	5	3	2	0.344
2	1	5	3	3	0.337
2	1	5	3	4	0.299
2	1	5	3	5	0.259
2	1	5	4	1	0.315
2	1	5	4	2	0.289
2	1	5	4	3	0.283
2	1	5	4	4	0.244
2	1	5	4	5	0.205
2	1	5	5	1	0.232
2	1	5	5	2	0.207
2	1	5	5	3	0.200
2	1	5	5	4	0.162
2	1	5	5	5	0.122
2	2	1	1	1	0.604
2	2	1	1	2	0.574
2	2	1	1	3	0.566
2	2	1	1	4	0.459
2	2	1	1	5	0.349
2	2	1	2	1	0.541
2	2	1	2	2	0.515
2	2	1	2	3	0.508
2	2	1	2	4	0.402
2	2	1	2	5	0.291
2	2	1	3	1	0.526
2	2	1	3	2	0.500
2	2	1	3	3	0.494
2	2	1	3	4	0.387
2	2	1	3	5	0.277
2	2	1	4	1	0.415
2	2	1	4	2	0.390
2	2	1	4	3	0.383
2	2	1	4	4	0.304
2	2	1	4	5	0.222
2	2	1	5	1	0.250
2	2	1	5	2	0.224
2	2	1	5	3	0.218
2	2	1	5	4	0.179
2	2	1	5	5	0.140
2	2	2	1	1	0.552
2	2	2	1	2	0.525
2	2	2	1	3	0.518
2	2	2	1	4	0.412
2	2	2	1	5	0.301
2	2	2	2	1	0.493
2	2	2	2	2	0.467
2	2	2	2	3	0.461
2	2	2	2	4	0.354
2	2	2	2	5	0.244
2	2	2	3	1	0.478
2	2	2	3	2	0.453
2	2	2	3	3	0.446
2	2	2	3	4	0.340
2	2	2	3	5	0.229
2	2	2	4	1	0.368
2	2	2	4	2	0.343
2	2	2	4	3	0.336
2	2	2	4	4	0.257
2	2	2	4	5	0.175
2	2	2	5	1	0.202
2	2	2	5	2	0.177
2	2	2	5	3	0.170
2	2	2	5	4	0.132
2	2	2	5	5	0.092
2	2	3	1	1	0.539
2	2	3	1	2	0.513
2	2	3	1	3	0.507
2	2	3	1	4	0.400
2	2	3	1	5	0.290
2	2	3	2	1	0.481
2	2	3	2	2	0.456
2	2	3	2	3	0.449
2	2	3	2	4	0.343
2	2	3	2	5	0.232
2	2	3	3	1	0.467
2	2	3	3	2	0.441
2	2	3	3	3	0.435
2	2	3	3	4	0.328
2	2	3	3	5	0.218
2	2	3	4	1	0.356
2	2	3	4	2	0.331
2	2	3	4	3	0.324
2	2	3	4	4	0.245
2	2	3	4	5	0.163
2	2	3	5	1	0.191
2	2	3	5	2	0.165
2	2	3	5	3	0.159
2	2	3	5	4	0.120
2	2	3	5	5	0.081
2	2	4	1	1	0.474
2	2	4	1	2	0.448
2	2	4	1	3	0.442
2	2	4	1	4	0.358
2	2	4	1	5	0.270
2	2	4	2	1	0.416
2	2	4	2	2	0.391
2	2	4	2	3	0.384
2	2	4	2	4	0.300
2	2	4	2	5	0.213
2	2	4	3	1	0.402
2	2	4	3	2	0.376
2	2	4	3	3	0.370
2	2	4	3	4	0.286
2	2	4	3	5	0.198
2	2	4	4	1	0.310
2	2	4	4	2	0.284
2	2	4	4	3	0.278
2	2	4	4	4	0.212
2	2	4	4	5	0.144
2	2	4	5	1	0.171
2	2	4	5	2	0.146
2	2	4	5	3	0.139
2	2	4	5	4	0.101
2	2	4	5	5	0.061
2	2	5	1	1	0.341
2	2	5	1	2	0.315
2	2	5	1	3	0.309
2	2	5	1	4	0.270
2	2	5	1	5	0.231
2	2	5	2	1	0.283
2	2	5	2	2	0.258
2	2	5	2	3	0.251
2	2	5	2	4	0.213
2	2	5	2	5	0.173
2	2	5	3	1	0.269
2	2	5	3	2	0.243
2	2	5	3	3	0.237
2	2	5	3	4	0.198
2	2	5	3	5	0.159
2	2	5	4	1	0.214
2	2	5	4	2	0.189
2	2	5	4	3	0.182
2	2	5	4	4	0.144
2	2	5	4	5	0.104
2	2	5	5	1	0.132
2	2	5	5	2	0.106
2	2	5	5	3	0.100
2	2	5	5	4	0.061
2	2	5	5	5	0.022
2	3	1	1	1	0.577
2	3	1	1	2	0.552
2	3	1	1	3	0.545
2	3	1	1	4	0.439
2	3	1	1	5	0.328
2	3	1	2	1	0.520
2	3	1	2	2	0.494
2	3	1	2	3	0.488
2	3	1	2	4	0.381
2	3	1	2	5	0.271
2	3	1	3	1	0.505
2	3	1	3	2	0.480
2	3	1	3	3	0.473
2	3	1	3	4	0.367
2	3	1	3	5	0.256
2	3	1	4	1	0.395
2	3	1	4	2	0.370
2	3	1	4	3	0.363
2	3	1	4	4	0.284
2	3	1	4	5	0.202
2	3	1	5	1	0.229
2	3	1	5	2	0.204
2	3	1	5	3	0.197
2	3	1	5	4	0.159
2	3	1	5	5	0.119
2	3	2	1	1	0.530
2	3	2	1	2	0.505
2	3	2	1	3	0.498
2	3	2	1	4	0.392
2	3	2	1	5	0.281
2	3	2	2	1	0.472
2	3	2	2	2	0.447
2	3	2	2	3	0.440
2	3	2	2	4	0.334
2	3	2	2	5	0.223
2	3	2	3	1	0.458
2	3	2	3	2	0.433
2	3	2	3	3	0.426
2	3	2	3	4	0.320
2	3	2	3	5	0.209
2	3	2	4	1	0.348
2	3	2	4	2	0.322
2	3	2	4	3	0.316
2	3	2	4	4	0.237
2	3	2	4	5	0.154
2	3	2	5	1	0.182
2	3	2	5	2	0.157
2	3	2	5	3	0.150
2	3	2	5	4	0.112
2	3	2	5	5	0.072
2	3	3	1	1	0.518
2	3	3	1	2	0.493
2	3	3	1	3	0.486
2	3	3	1	4	0.380
2	3	3	1	5	0.269
2	3	3	2	1	0.461
2	3	3	2	2	0.435
2	3	3	2	3	0.429
2	3	3	2	4	0.322
2	3	3	2	5	0.212
2	3	3	3	1	0.446
2	3	3	3	2	0.421
2	3	3	3	3	0.414
2	3	3	3	4	0.308
2	3	3	3	5	0.197
2	3	3	4	1	0.336
2	3	3	4	2	0.311
2	3	3	4	3	0.304
2	3	3	4	4	0.225
2	3	3	4	5	0.143
2	3	3	5	1	0.170
2	3	3	5	2	0.145
2	3	3	5	3	0.138
2	3	3	5	4	0.100
2	3	3	5	5	0.060
2	3	4	1	1	0.453
2	3	4	1	2	0.428
2	3	4	1	3	0.421
2	3	4	1	4	0.337
2	3	4	1	5	0.250
2	3	4	2	1	0.396
2	3	4	2	2	0.370
2	3	4	2	3	0.364
2	3	4	2	4	0.280
2	3	4	2	5	0.192
2	3	4	3	1	0.381
2	3	4	3	2	0.356
2	3	4	3	3	0.349
2	3	4	3	4	0.265
2	3	4	3	5	0.178
2	3	4	4	1	0.289
2	3	4	4	2	0.264
2	3	4	4	3	0.257
2	3	4	4	4	0.192
2	3	4	4	5	0.123
2	3	4	5	1	0.151
2	3	4	5	2	0.126
2	3	4	5	3	0.119
2	3	4	5	4	0.081
2	3	4	5	5	0.041
2	3	5	1	1	0.320
2	3	5	1	2	0.295
2	3	5	1	3	0.288
2	3	5	1	4	0.250
2	3	5	1	5	0.210
2	3	5	2	1	0.263
2	3	5	2	2	0.237
2	3	5	2	3	0.231
2	3	5	2	4	0.193
2	3	5	2	5	0.153
2	3	5	3	1	0.248
2	3	5	3	2	0.223
2	3	5	3	3	0.216
2	3	5	3	4	0.178
2	3	5	3	5	0.138
2	3	5	4	1	0.194
2	3	5	4	2	0.168
2	3	5	4	3	0.162
2	3	5	4	4	0.123
2	3	5	4	5	0.084
2	3	5	5	1	0.111
2	3	5	5	2	0.086
2	3	5	5	3	0.079
2	3	5	5	4	0.041
2	3	5	5	5	0.001
2	4	1	1	1	0.514
2	4	1	1	2	0.489
2	4	1	1	3	0.482
2	4	1	1	4	0.392
2	4	1	1	5	0.299
2	4	1	2	1	0.457
2	4	1	2	2	0.431
2	4	1	2	3	0.425
2	4	1	2	4	0.335
2	4	1	2	5	0.241
2	4	1	3	1	0.442
2	4	1	3	2	0.417
2	4	1	3	3	0.410
2	4	1	3	4	0.320
2	4	1	3	5	0.227
2	4	1	4	1	0.346
2	4	1	4	2	0.320
2	4	1	4	3	0.314
2	4	1	4	4	0.244
2	4	1	4	5	0.172
2	4	1	5	1	0.200
2	4	1	5	2	0.175
2	4	1	5	3	0.168
2	4	1	5	4	0.130
2	4	1	5	5	0.090
2	4	2	1	1	0.467
2	4	2	1	2	0.442
2	4	2	1	3	0.435
2	4	2	1	4	0.345
2	4	2	1	5	0.252
2	4	2	2	1	0.409
2	4	2	2	2	0.384
2	4	2	2	3	0.377
2	4	2	2	4	0.287
2	4	2	2	5	0.194
2	4	2	3	1	0.395
2	4	2	3	2	0.370
2	4	2	3	3	0.363
2	4	2	3	4	0.273
2	4	2	3	5	0.180
2	4	2	4	1	0.298
2	4	2	4	2	0.273
2	4	2	4	3	0.266
2	4	2	4	4	0.197
2	4	2	4	5	0.125
2	4	2	5	1	0.153
2	4	2	5	2	0.127
2	4	2	5	3	0.121
2	4	2	5	4	0.082
2	4	2	5	5	0.043
2	4	3	1	1	0.455
2	4	3	1	2	0.430
2	4	3	1	3	0.423
2	4	3	1	4	0.333
2	4	3	1	5	0.240
2	4	3	2	1	0.398
2	4	3	2	2	0.372
2	4	3	2	3	0.366
2	4	3	2	4	0.276
2	4	3	2	5	0.182
2	4	3	3	1	0.383
2	4	3	3	2	0.358
2	4	3	3	3	0.351
2	4	3	3	4	0.261
2	4	3	3	5	0.168
2	4	3	4	1	0.287
2	4	3	4	2	0.261
2	4	3	4	3	0.255
2	4	3	4	4	0.185
2	4	3	4	5	0.113
2	4	3	5	1	0.141
2	4	3	5	2	0.116
2	4	3	5	3	0.109
2	4	3	5	4	0.071
2	4	3	5	5	0.031
2	4	4	1	1	0.401
2	4	4	1	2	0.376
2	4	4	1	3	0.369
2	4	4	1	4	0.296
2	4	4	1	5	0.221
2	4	4	2	1	0.344
2	4	4	2	2	0.318
2	4	4	2	3	0.312
2	4	4	2	4	0.239
2	4	4	2	5	0.163
2	4	4	3	1	0.329
2	4	4	3	2	0.304
2	4	4	3	3	0.297
2	4	4	3	4	0.224
2	4	4	3	5	0.149
2	4	4	4	1	0.246
2	4	4	4	2	0.221
2	4	4	4	3	0.214
2	4	4	4	4	0.155
2	4	4	4	5	0.094
2	4	4	5	1	0.122
2	4	4	5	2	0.096
2	4	4	5	3	0.090
2	4	4	5	4	0.051
2	4	4	5	5	0.012
2	4	5	1	1	0.291
2	4	5	1	2	0.266
2	4	5	1	3	0.259
2	4	5	1	4	0.221
2	4	5	1	5	0.181
2	4	5	2	1	0.233
2	4	5	2	2	0.208
2	4	5	2	3	0.201
2	4	5	2	4	0.163
2	4	5	2	5	0.123
2	4	5	3	1	0.219
2	4	5	3	2	0.194
2	4	5	3	3	0.187
2	4	5	3	4	0.149
2	4	5	3	5	0.109
2	4	5	4	1	0.164
2	4	5	4	2	0.139
2	4	5	4	3	0.132
2	4	5	4	4	0.094
2	4	5	4	5	0.054
2	4	5	5	1	0.082
2	4	5	5	2	0.057
2	4	5	5	3	0.050
2	4	5	5	4	0.012
2	4	5	5	5	-0.028
2	5	1	1	1	0.317
2	5	1	1	2	0.292
2	5	1	1	3	0.285
2	5	1	1	4	0.247
2	5	1	1	5	0.207
2	5	1	2	1	0.260
2	5	1	2	2	0.234
2	5	1	2	3	0.228
2	5	1	2	4	0.190
2	5	1	2	5	0.150
2	5	1	3	1	0.245
2	5	1	3	2	0.220
2	5	1	3	3	0.213
2	5	1	3	4	0.175
2	5	1	3	5	0.135
2	5	1	4	1	0.191
2	5	1	4	2	0.165
2	5	1	4	3	0.159
2	5	1	4	4	0.120
2	5	1	4	5	0.081
2	5	1	5	1	0.108
2	5	1	5	2	0.083
2	5	1	5	3	0.076
2	5	1	5	4	0.038
2	5	1	5	5	-0.002
2	5	2	1	1	0.270
2	5	2	1	2	0.245
2	5	2	1	3	0.238
2	5	2	1	4	0.200
2	5	2	1	5	0.160
2	5	2	2	1	0.212
2	5	2	2	2	0.187
2	5	2	2	3	0.180
2	5	2	2	4	0.142
2	5	2	2	5	0.102
2	5	2	3	1	0.198
2	5	2	3	2	0.173
2	5	2	3	3	0.166
2	5	2	3	4	0.128
2	5	2	3	5	0.088
2	5	2	4	1	0.143
2	5	2	4	2	0.118
2	5	2	4	3	0.111
2	5	2	4	4	0.073
2	5	2	4	5	0.033
2	5	2	5	1	0.061
2	5	2	5	2	0.036
2	5	2	5	3	0.029
2	5	2	5	4	-0.009
2	5	2	5	5	-0.049
2	5	3	1	1	0.258
2	5	3	1	2	0.233
2	5	3	1	3	0.226
2	5	3	1	4	0.188
2	5	3	1	5	0.148
2	5	3	2	1	0.201
2	5	3	2	2	0.175
2	5	3	2	3	0.169
2	5	3	2	4	0.131
2	5	3	2	5	0.091
2	5	3	3	1	0.186
2	5	3	3	2	0.161
2	5	3	3	3	0.154
2	5	3	3	4	0.116
2	5	3	3	5	0.076
2	5	3	4	1	0.132
2	5	3	4	2	0.106
2	5	3	4	3	0.100
2	5	3	4	4	0.061
2	5	3	4	5	0.022
2	5	3	5	1	0.049
2	5	3	5	2	0.024
2	5	3	5	3	0.017
2	5	3	5	4	-0.021
2	5	3	5	5	-0.061
2	5	4	1	1	0.239
2	5	4	1	2	0.214
2	5	4	1	3	0.207
2	5	4	1	4	0.169
2	5	4	1	5	0.129
2	5	4	2	1	0.181
2	5	4	2	2	0.156
2	5	4	2	3	0.149
2	5	4	2	4	0.111
2	5	4	2	5	0.071
2	5	4	3	1	0.167
2	5	4	3	2	0.142
2	5	4	3	3	0.135
2	5	4	3	4	0.097
2	5	4	3	5	0.057
2	5	4	4	1	0.112
2	5	4	4	2	0.087
2	5	4	4	3	0.080
2	5	4	4	4	0.042
2	5	4	4	5	0.002
2	5	4	5	1	0.030
2	5	4	5	2	0.005
2	5	4	5	3	-0.002
2	5	4	5	4	-0.040
2	5	4	5	5	-0.080
2	5	5	1	1	0.199
2	5	5	1	2	0.174
2	5	5	1	3	0.167
2	5	5	1	4	0.129
2	5	5	1	5	0.089
2	5	5	2	1	0.142
2	5	5	2	2	0.116
2	5	5	2	3	0.110
2	5	5	2	4	0.072
2	5	5	2	5	0.032
2	5	5	3	1	0.127
2	5	5	3	2	0.102
2	5	5	3	3	0.095
2	5	5	3	4	0.057
2	5	5	3	5	0.017
2	5	5	4	1	0.073
2	5	5	4	2	0.047
2	5	5	4	3	0.041
2	5	5	4	4	0.002
2	5	5	4	5	-0.037
2	5	5	5	1	-0.010
2	5	5	5	2	-0.035
2	5	5	5	3	-0.042
2	5	5	5	4	-0.080
2	5	5	5	5	-0.120
3	1	1	1	1	0.677
3	1	1	1	2	0.652
3	1	1	1	3	0.645
3	1	1	1	4	0.539
3	1	1	1	5	0.428
3	1	1	2	1	0.619
3	1	1	2	2	0.594
3	1	1	2	3	0.587
3	1	1	2	4	0.481
3	1	1	2	5	0.370
3	1	1	3	1	0.605
3	1	1	3	2	0.580
3	1	1	3	3	0.573
3	1	1	3	4	0.467
3	1	1	3	5	0.356
3	1	1	4	1	0.495
3	1	1	4	2	0.469
3	1	1	4	3	0.463
3	1	1	4	4	0.384
3	1	1	4	5	0.301
3	1	1	5	1	0.329
3	1	1	5	2	0.304
3	1	1	5	3	0.297
3	1	1	5	4	0.259
3	1	1	5	5	0.219
3	1	2	1	1	0.630
3	1	2	1	2	0.604
3	1	2	1	3	0.598
3	1	2	1	4	0.491
3	1	2	1	5	0.381
3	1	2	2	1	0.572
3	1	2	2	2	0.547
3	1	2	2	3	0.540
3	1	2	2	4	0.434
3	1	2	2	5	0.323
3	1	2	3	1	0.558
3	1	2	3	2	0.532
3	1	2	3	3	0.526
3	1	2	3	4	0.419
3	1	2	3	5	0.309
3	1	2	4	1	0.447
3	1	2	4	2	0.422
3	1	2	4	3	0.415
3	1	2	4	4	0.336
3	1	2	4	5	0.254
3	1	2	5	1	0.282
3	1	2	5	2	0.256
3	1	2	5	3	0.250
3	1	2	5	4	0.211
3	1	2	5	5	0.172
3	1	3	1	1	0.618
3	1	3	1	2	0.593
3	1	3	1	3	0.586
3	1	3	1	4	0.480
3	1	3	1	5	0.369
3	1	3	2	1	0.560
3	1	3	2	2	0.535
3	1	3	2	3	0.528
3	1	3	2	4	0.422
3	1	3	2	5	0.311
3	1	3	3	1	0.546
3	1	3	3	2	0.521
3	1	3	3	3	0.514
3	1	3	3	4	0.408
3	1	3	3	5	0.297
3	1	3	4	1	0.436
3	1	3	4	2	0.410
3	1	3	4	3	0.404
3	1	3	4	4	0.325
3	1	3	4	5	0.242
3	1	3	5	1	0.270
3	1	3	5	2	0.245
3	1	3	5	3	0.238
3	1	3	5	4	0.200
3	1	3	5	5	0.160
3	1	4	1	1	0.553
3	1	4	1	2	0.528
3	1	4	1	3	0.521
3	1	4	1	4	0.437
3	1	4	1	5	0.350
3	1	4	2	1	0.495
3	1	4	2	2	0.470
3	1	4	2	3	0.463
3	1	4	2	4	0.379
3	1	4	2	5	0.292
3	1	4	3	1	0.481
3	1	4	3	2	0.456
3	1	4	3	3	0.449
3	1	4	3	4	0.365
3	1	4	3	5	0.278
3	1	4	4	1	0.389
3	1	4	4	2	0.364
3	1	4	4	3	0.357
3	1	4	4	4	0.291
3	1	4	4	5	0.223
3	1	4	5	1	0.251
3	1	4	5	2	0.225
3	1	4	5	3	0.219
3	1	4	5	4	0.180
3	1	4	5	5	0.141
3	1	5	1	1	0.420
3	1	5	1	2	0.395
3	1	5	1	3	0.388
3	1	5	1	4	0.350
3	1	5	1	5	0.310
3	1	5	2	1	0.362
3	1	5	2	2	0.337
3	1	5	2	3	0.330
3	1	5	2	4	0.292
3	1	5	2	5	0.252
3	1	5	3	1	0.348
3	1	5	3	2	0.323
3	1	5	3	3	0.316
3	1	5	3	4	0.278
3	1	5	3	5	0.238
3	1	5	4	1	0.293
3	1	5	4	2	0.268
3	1	5	4	3	0.261
3	1	5	4	4	0.223
3	1	5	4	5	0.183
3	1	5	5	1	0.211
3	1	5	5	2	0.186
3	1	5	5	3	0.179
3	1	5	5	4	0.141
3	1	5	5	5	0.101
3	2	1	1	1	0.576
3	2	1	1	2	0.551
3	2	1	1	3	0.544
3	2	1	1	4	0.438
3	2	1	1	5	0.327
3	2	1	2	1	0.519
3	2	1	2	2	0.493
3	2	1	2	3	0.487
3	2	1	2	4	0.380
3	2	1	2	5	0.270
3	2	1	3	1	0.504
3	2	1	3	2	0.479
3	2	1	3	3	0.472
3	2	1	3	4	0.366
3	2	1	3	5	0.255
3	2	1	4	1	0.394
3	2	1	4	2	0.369
3	2	1	4	3	0.362
3	2	1	4	4	0.283
3	2	1	4	5	0.201
3	2	1	5	1	0.228
3	2	1	5	2	0.203
3	2	1	5	3	0.196
3	2	1	5	4	0.158
3	2	1	5	5	0.118
3	2	2	1	1	0.529
3	2	2	1	2	0.504
3	2	2	1	3	0.497
3	2	2	1	4	0.390
3	2	2	1	5	0.280
3	2	2	2	1	0.471
3	2	2	2	2	0.446
3	2	2	2	3	0.439
3	2	2	2	4	0.333
3	2	2	2	5	0.222
3	2	2	3	1	0.457
3	2	2	3	2	0.432
3	2	2	3	3	0.425
3	2	2	3	4	0.318
3	2	2	3	5	0.208
3	2	2	4	1	0.347
3	2	2	4	2	0.321
3	2	2	4	3	0.315
3	2	2	4	4	0.235
3	2	2	4	5	0.153
3	2	2	5	1	0.181
3	2	2	5	2	0.156
3	2	2	5	3	0.149
3	2	2	5	4	0.111
3	2	2	5	5	0.071
3	2	3	1	1	0.517
3	2	3	1	2	0.492
3	2	3	1	3	0.485
3	2	3	1	4	0.379
3	2	3	1	5	0.268
3	2	3	2	1	0.460
3	2	3	2	2	0.434
3	2	3	2	3	0.428
3	2	3	2	4	0.321
3	2	3	2	5	0.211
3	2	3	3	1	0.445
3	2	3	3	2	0.420
3	2	3	3	3	0.413
3	2	3	3	4	0.307
3	2	3	3	5	0.196
3	2	3	4	1	0.335
3	2	3	4	2	0.310
3	2	3	4	3	0.303
3	2	3	4	4	0.224
3	2	3	4	5	0.142
3	2	3	5	1	0.169
3	2	3	5	2	0.144
3	2	3	5	3	0.137
3	2	3	5	4	0.099
3	2	3	5	5	0.059
3	2	4	1	1	0.452
3	2	4	1	2	0.427
3	2	4	1	3	0.420
3	2	4	1	4	0.336
3	2	4	1	5	0.249
3	2	4	2	1	0.395
3	2	4	2	2	0.369
3	2	4	2	3	0.363
3	2	4	2	4	0.278
3	2	4	2	5	0.191
3	2	4	3	1	0.380
3	2	4	3	2	0.355
3	2	4	3	3	0.348
3	2	4	3	4	0.264
3	2	4	3	5	0.177
3	2	4	4	1	0.288
3	2	4	4	2	0.263
3	2	4	4	3	0.256
3	2	4	4	4	0.190
3	2	4	4	5	0.122
3	2	4	5	1	0.150
3	2	4	5	2	0.124
3	2	4	5	3	0.118
3	2	4	5	4	0.080
3	2	4	5	5	0.040
3	2	5	1	1	0.319
3	2	5	1	2	0.294
3	2	5	1	3	0.287
3	2	5	1	4	0.249
3	2	5	1	5	0.209
3	2	5	2	1	0.262
3	2	5	2	2	0.236
3	2	5	2	3	0.230
3	2	5	2	4	0.191
3	2	5	2	5	0.152
3	2	5	3	1	0.247
3	2	5	3	2	0.222
3	2	5	3	3	0.215
3	2	5	3	4	0.177
3	2	5	3	5	0.137
3	2	5	4	1	0.193
3	2	5	4	2	0.167
3	2	5	4	3	0.161
3	2	5	4	4	0.122
3	2	5	4	5	0.083
3	2	5	5	1	0.110
3	2	5	5	2	0.085
3	2	5	5	3	0.078
3	2	5	5	4	0.040
3	2	5	5	5	0.000
3	3	1	1	1	0.556
3	3	1	1	2	0.531
3	3	1	1	3	0.524
3	3	1	1	4	0.418
3	3	1	1	5	0.307
3	3	1	2	1	0.498
3	3	1	2	2	0.473
3	3	1	2	3	0.466
3	3	1	2	4	0.360
3	3	1	2	5	0.249
3	3	1	3	1	0.484
3	3	1	3	2	0.459
3	3	1	3	3	0.452
3	3	1	3	4	0.346
3	3	1	3	5	0.235
3	3	1	4	1	0.374
3	3	1	4	2	0.348
3	3	1	4	3	0.342
3	3	1	4	4	0.263
3	3	1	4	5	0.180
3	3	1	5	1	0.208
3	3	1	5	2	0.183
3	3	1	5	3	0.176
3	3	1	5	4	0.138
3	3	1	5	5	0.098
3	3	2	1	1	0.509
3	3	2	1	2	0.483
3	3	2	1	3	0.477
3	3	2	1	4	0.370
3	3	2	1	5	0.260
3	3	2	2	1	0.451
3	3	2	2	2	0.426
3	3	2	2	3	0.419
3	3	2	2	4	0.313
3	3	2	2	5	0.202
3	3	2	3	1	0.437
3	3	2	3	2	0.411
3	3	2	3	3	0.405
3	3	2	3	4	0.298
3	3	2	3	5	0.188
3	3	2	4	1	0.326
3	3	2	4	2	0.301
3	3	2	4	3	0.294
3	3	2	4	4	0.215
3	3	2	4	5	0.133
3	3	2	5	1	0.161
3	3	2	5	2	0.135
3	3	2	5	3	0.129
3	3	2	5	4	0.090
3	3	2	5	5	0.051
3	3	3	1	1	0.497
3	3	3	1	2	0.472
3	3	3	1	3	0.465
3	3	3	1	4	0.359
3	3	3	1	5	0.248
3	3	3	2	1	0.439
3	3	3	2	2	0.414
3	3	3	2	3	0.407
3	3	3	2	4	0.301
3	3	3	2	5	0.190
3	3	3	3	1	0.425
3	3	3	3	2	0.400
3	3	3	3	3	0.393
3	3	3	3	4	0.287
3	3	3	3	5	0.176
3	3	3	4	1	0.315
3	3	3	4	2	0.289
3	3	3	4	3	0.283
3	3	3	4	4	0.204
3	3	3	4	5	0.121
3	3	3	5	1	0.149
3	3	3	5	2	0.124
3	3	3	5	3	0.117
3	3	3	5	4	0.079
3	3	3	5	5	0.039
3	3	4	1	1	0.432
3	3	4	1	2	0.407
3	3	4	1	3	0.400
3	3	4	1	4	0.316
3	3	4	1	5	0.229
3	3	4	2	1	0.374
3	3	4	2	2	0.349
3	3	4	2	3	0.342
3	3	4	2	4	0.258
3	3	4	2	5	0.171
3	3	4	3	1	0.360
3	3	4	3	2	0.335
3	3	4	3	3	0.328
3	3	4	3	4	0.244
3	3	4	3	5	0.157
3	3	4	4	1	0.268
3	3	4	4	2	0.243
3	3	4	4	3	0.236
3	3	4	4	4	0.170
3	3	4	4	5	0.102
3	3	4	5	1	0.130
3	3	4	5	2	0.104
3	3	4	5	3	0.098
3	3	4	5	4	0.059
3	3	4	5	5	0.020
3	3	5	1	1	0.299
3	3	5	1	2	0.274
3	3	5	1	3	0.267
3	3	5	1	4	0.229
3	3	5	1	5	0.189
3	3	5	2	1	0.241
3	3	5	2	2	0.216
3	3	5	2	3	0.209
3	3	5	2	4	0.171
3	3	5	2	5	0.131
3	3	5	3	1	0.227
3	3	5	3	2	0.202
3	3	5	3	3	0.195
3	3	5	3	4	0.157
3	3	5	3	5	0.117
3	3	5	4	1	0.172
3	3	5	4	2	0.147
3	3	5	4	3	0.140
3	3	5	4	4	0.102
3	3	5	4	5	0.062
3	3	5	5	1	0.090
3	3	5	5	2	0.065
3	3	5	5	3	0.058
3	3	5	5	4	0.020
3	3	5	5	5	-0.020
3	4	1	1	1	0.493
3	4	1	1	2	0.467
3	4	1	1	3	0.461
3	4	1	1	4	0.371
3	4	1	1	5	0.278
3	4	1	2	1	0.435
3	4	1	2	2	0.410
3	4	1	2	3	0.403
3	4	1	2	4	0.313
3	4	1	2	5	0.220
3	4	1	3	1	0.421
3	4	1	3	2	0.395
3	4	1	3	3	0.389
3	4	1	3	4	0.299
3	4	1	3	5	0.206
3	4	1	4	1	0.324
3	4	1	4	2	0.299
3	4	1	4	3	0.292
3	4	1	4	4	0.223
3	4	1	4	5	0.151
3	4	1	5	1	0.179
3	4	1	5	2	0.153
3	4	1	5	3	0.147
3	4	1	5	4	0.108
3	4	1	5	5	0.069
3	4	2	1	1	0.445
3	4	2	1	2	0.420
3	4	2	1	3	0.413
3	4	2	1	4	0.324
3	4	2	1	5	0.230
3	4	2	2	1	0.388
3	4	2	2	2	0.362
3	4	2	2	3	0.356
3	4	2	2	4	0.266
3	4	2	2	5	0.173
3	4	2	3	1	0.373
3	4	2	3	2	0.348
3	4	2	3	3	0.341
3	4	2	3	4	0.252
3	4	2	3	5	0.158
3	4	2	4	1	0.277
3	4	2	4	2	0.251
3	4	2	4	3	0.245
3	4	2	4	4	0.175
3	4	2	4	5	0.104
3	4	2	5	1	0.131
3	4	2	5	2	0.106
3	4	2	5	3	0.099
3	4	2	5	4	0.061
3	4	2	5	5	0.021
3	4	3	1	1	0.434
3	4	3	1	2	0.408
3	4	3	1	3	0.402
3	4	3	1	4	0.312
3	4	3	1	5	0.219
3	4	3	2	1	0.376
3	4	3	2	2	0.351
3	4	3	2	3	0.344
3	4	3	2	4	0.254
3	4	3	2	5	0.161
3	4	3	3	1	0.362
3	4	3	3	2	0.336
3	4	3	3	3	0.330
3	4	3	3	4	0.240
3	4	3	3	5	0.147
3	4	3	4	1	0.265
3	4	3	4	2	0.240
3	4	3	4	3	0.233
3	4	3	4	4	0.164
3	4	3	4	5	0.092
3	4	3	5	1	0.120
3	4	3	5	2	0.094
3	4	3	5	3	0.088
3	4	3	5	4	0.049
3	4	3	5	5	0.010
3	4	4	1	1	0.380
3	4	4	1	2	0.354
3	4	4	1	3	0.348
3	4	4	1	4	0.275
3	4	4	1	5	0.199
3	4	4	2	1	0.322
3	4	4	2	2	0.297
3	4	4	2	3	0.290
3	4	4	2	4	0.217
3	4	4	2	5	0.142
3	4	4	3	1	0.308
3	4	4	3	2	0.282
3	4	4	3	3	0.276
3	4	4	3	4	0.203
3	4	4	3	5	0.127
3	4	4	4	1	0.225
3	4	4	4	2	0.200
3	4	4	4	3	0.193
3	4	4	4	4	0.134
3	4	4	4	5	0.072
3	4	4	5	1	0.100
3	4	4	5	2	0.075
3	4	4	5	3	0.068
3	4	4	5	4	0.030
3	4	4	5	5	-0.010
3	4	5	1	1	0.270
3	4	5	1	2	0.244
3	4	5	1	3	0.238
3	4	5	1	4	0.199
3	4	5	1	5	0.160
3	4	5	2	1	0.212
3	4	5	2	2	0.187
3	4	5	2	3	0.180
3	4	5	2	4	0.142
3	4	5	2	5	0.102
3	4	5	3	1	0.198
3	4	5	3	2	0.172
3	4	5	3	3	0.166
3	4	5	3	4	0.127
3	4	5	3	5	0.088
3	4	5	4	1	0.143
3	4	5	4	2	0.117
3	4	5	4	3	0.111
3	4	5	4	4	0.073
3	4	5	4	5	0.033
3	4	5	5	1	0.061
3	4	5	5	2	0.035
3	4	5	5	3	0.029
3	4	5	5	4	-0.010
3	4	5	5	5	-0.049
3	5	1	1	1	0.296
3	5	1	1	2	0.271
3	5	1	1	3	0.264
3	5	1	1	4	0.226
3	5	1	1	5	0.186
3	5	1	2	1	0.238
3	5	1	2	2	0.213
3	5	1	2	3	0.206
3	5	1	2	4	0.168
3	5	1	2	5	0.128
3	5	1	3	1	0.224
3	5	1	3	2	0.199
3	5	1	3	3	0.192
3	5	1	3	4	0.154
3	5	1	3	5	0.114
3	5	1	4	1	0.169
3	5	1	4	2	0.144
3	5	1	4	3	0.137
3	5	1	4	4	0.099
3	5	1	4	5	0.059
3	5	1	5	1	0.087
3	5	1	5	2	0.062
3	5	1	5	3	0.055
3	5	1	5	4	0.017
3	5	1	5	5	-0.023
3	5	2	1	1	0.249
3	5	2	1	2	0.223
3	5	2	1	3	0.217
3	5	2	1	4	0.178
3	5	2	1	5	0.139
3	5	2	2	1	0.191
3	5	2	2	2	0.166
3	5	2	2	3	0.159
3	5	2	2	4	0.121
3	5	2	2	5	0.081
3	5	2	3	1	0.177
3	5	2	3	2	0.151
3	5	2	3	3	0.145
3	5	2	3	4	0.106
3	5	2	3	5	0.067
3	5	2	4	1	0.122
3	5	2	4	2	0.097
3	5	2	4	3	0.090
3	5	2	4	4	0.052
3	5	2	4	5	0.012
3	5	2	5	1	0.040
3	5	2	5	2	0.014
3	5	2	5	3	0.008
3	5	2	5	4	-0.031
3	5	2	5	5	-0.070
3	5	3	1	1	0.237
3	5	3	1	2	0.212
3	5	3	1	3	0.205
3	5	3	1	4	0.167
3	5	3	1	5	0.127
3	5	3	2	1	0.179
3	5	3	2	2	0.154
3	5	3	2	3	0.147
3	5	3	2	4	0.109
3	5	3	2	5	0.069
3	5	3	3	1	0.165
3	5	3	3	2	0.140
3	5	3	3	3	0.133
3	5	3	3	4	0.095
3	5	3	3	5	0.055
3	5	3	4	1	0.110
3	5	3	4	2	0.085
3	5	3	4	3	0.078
3	5	3	4	4	0.040
3	5	3	4	5	0.000
3	5	3	5	1	0.028
3	5	3	5	2	0.003
3	5	3	5	3	-0.004
3	5	3	5	4	-0.042
3	5	3	5	5	-0.082
3	5	4	1	1	0.218
3	5	4	1	2	0.192
3	5	4	1	3	0.186
3	5	4	1	4	0.147
3	5	4	1	5	0.108
3	5	4	2	1	0.160
3	5	4	2	2	0.135
3	5	4	2	3	0.128
3	5	4	2	4	0.090
3	5	4	2	5	0.050
3	5	4	3	1	0.146
3	5	4	3	2	0.120
3	5	4	3	3	0.114
3	5	4	3	4	0.075
3	5	4	3	5	0.036
3	5	4	4	1	0.091
3	5	4	4	2	0.066
3	5	4	4	3	0.059
3	5	4	4	4	0.021
3	5	4	4	5	-0.019
3	5	4	5	1	0.009
3	5	4	5	2	-0.017
3	5	4	5	3	-0.023
3	5	4	5	4	-0.062
3	5	4	5	5	-0.101
3	5	5	1	1	0.178
3	5	5	1	2	0.153
3	5	5	1	3	0.146
3	5	5	1	4	0.108
3	5	5	1	5	0.068
3	5	5	2	1	0.120
3	5	5	2	2	0.095
3	5	5	2	3	0.088
3	5	5	2	4	0.050
3	5	5	2	5	0.010
3	5	5	3	1	0.106
3	5	5	3	2	0.081
3	5	5	3	3	0.074
3	5	5	3	4	0.036
3	5	5	3	5	-0.004
3	5	5	4	1	0.051
3	5	5	4	2	0.026
3	5	5	4	3	0.019
3	5	5	4	4	-0.019
3	5	5	4	5	-0.059
3	5	5	5	1	-0.031
3	5	5	5	2	-0.056
3	5	5	5	3	-0.063
3	5	5	5	4	-0.101
3	5	5	5	5	-0.141
4	1	1	1	1	0.645
4	1	1	1	2	0.619
4	1	1	1	3	0.613
4	1	1	1	4	0.511
4	1	1	1	5	0.406
4	1	1	2	1	0.587
4	1	1	2	2	0.561
4	1	1	2	3	0.555
4	1	1	2	4	0.453
4	1	1	2	5	0.348
4	1	1	3	1	0.573
4	1	1	3	2	0.547
4	1	1	3	3	0.541
4	1	1	3	4	0.439
4	1	1	3	5	0.334
4	1	1	4	1	0.466
4	1	1	4	2	0.441
4	1	1	4	3	0.434
4	1	1	4	4	0.358
4	1	1	4	5	0.279
4	1	1	5	1	0.307
4	1	1	5	2	0.281
4	1	1	5	3	0.275
4	1	1	5	4	0.236
4	1	1	5	5	0.197
4	1	2	1	1	0.597
4	1	2	1	2	0.572
4	1	2	1	3	0.565
4	1	2	1	4	0.464
4	1	2	1	5	0.358
4	1	2	2	1	0.540
4	1	2	2	2	0.514
4	1	2	2	3	0.508
4	1	2	2	4	0.406
4	1	2	2	5	0.301
4	1	2	3	1	0.525
4	1	2	3	2	0.500
4	1	2	3	3	0.493
4	1	2	3	4	0.392
4	1	2	3	5	0.286
4	1	2	4	1	0.419
4	1	2	4	2	0.394
4	1	2	4	3	0.387
4	1	2	4	4	0.311
4	1	2	4	5	0.232
4	1	2	5	1	0.259
4	1	2	5	2	0.234
4	1	2	5	3	0.227
4	1	2	5	4	0.189
4	1	2	5	5	0.149
4	1	3	1	1	0.586
4	1	3	1	2	0.560
4	1	3	1	3	0.554
4	1	3	1	4	0.452
4	1	3	1	5	0.347
4	1	3	2	1	0.528
4	1	3	2	2	0.502
4	1	3	2	3	0.496
4	1	3	2	4	0.394
4	1	3	2	5	0.289
4	1	3	3	1	0.514
4	1	3	3	2	0.488
4	1	3	3	3	0.482
4	1	3	3	4	0.380
4	1	3	3	5	0.275
4	1	3	4	1	0.407
4	1	3	4	2	0.382
4	1	3	4	3	0.375
4	1	3	4	4	0.299
4	1	3	4	5	0.220
4	1	3	5	1	0.248
4	1	3	5	2	0.222
4	1	3	5	3	0.216
4	1	3	5	4	0.177
4	1	3	5	5	0.138
4	1	4	1	1	0.524
4	1	4	1	2	0.498
4	1	4	1	3	0.492
4	1	4	1	4	0.411
4	1	4	1	5	0.327
4	1	4	2	1	0.466
4	1	4	2	2	0.441
4	1	4	2	3	0.434
4	1	4	2	4	0.353
4	1	4	2	5	0.270
4	1	4	3	1	0.452
4	1	4	3	2	0.426
4	1	4	3	3	0.420
4	1	4	3	4	0.339
4	1	4	3	5	0.255
4	1	4	4	1	0.362
4	1	4	4	2	0.337
4	1	4	4	3	0.330
4	1	4	4	4	0.267
4	1	4	4	5	0.200
4	1	4	5	1	0.228
4	1	4	5	2	0.203
4	1	4	5	3	0.196
4	1	4	5	4	0.158
4	1	4	5	5	0.118
4	1	5	1	1	0.398
4	1	5	1	2	0.372
4	1	5	1	3	0.366
4	1	5	1	4	0.327
4	1	5	1	5	0.288
4	1	5	2	1	0.340
4	1	5	2	2	0.315
4	1	5	2	3	0.308
4	1	5	2	4	0.270
4	1	5	2	5	0.230
4	1	5	3	1	0.326
4	1	5	3	2	0.300
4	1	5	3	3	0.294
4	1	5	3	4	0.255
4	1	5	3	5	0.216
4	1	5	4	1	0.271
4	1	5	4	2	0.245
4	1	5	4	3	0.239
4	1	5	4	4	0.201
4	1	5	4	5	0.161
4	1	5	5	1	0.189
4	1	5	5	2	0.163
4	1	5	5	3	0.157
4	1	5	5	4	0.118
4	1	5	5	5	0.079
4	2	1	1	1	0.544
4	2	1	1	2	0.518
4	2	1	1	3	0.512
4	2	1	1	4	0.410
4	2	1	1	5	0.305
4	2	1	2	1	0.486
4	2	1	2	2	0.461
4	2	1	2	3	0.454
4	2	1	2	4	0.353
4	2	1	2	5	0.247
4	2	1	3	1	0.472
4	2	1	3	2	0.446
4	2	1	3	3	0.440
4	2	1	3	4	0.338
4	2	1	3	5	0.233
4	2	1	4	1	0.366
4	2	1	4	2	0.340
4	2	1	4	3	0.334
4	2	1	4	4	0.257
4	2	1	4	5	0.178
4	2	1	5	1	0.206
4	2	1	5	2	0.180
4	2	1	5	3	0.174
4	2	1	5	4	0.136
4	2	1	5	5	0.096
4	2	2	1	1	0.496
4	2	2	1	2	0.471
4	2	2	1	3	0.464
4	2	2	1	4	0.363
4	2	2	1	5	0.257
4	2	2	2	1	0.439
4	2	2	2	2	0.413
4	2	2	2	3	0.407
4	2	2	2	4	0.305
4	2	2	2	5	0.200
4	2	2	3	1	0.424
4	2	2	3	2	0.399
4	2	2	3	3	0.392
4	2	2	3	4	0.291
4	2	2	3	5	0.185
4	2	2	4	1	0.318
4	2	2	4	2	0.293
4	2	2	4	3	0.286
4	2	2	4	4	0.210
4	2	2	4	5	0.131
4	2	2	5	1	0.158
4	2	2	5	2	0.133
4	2	2	5	3	0.126
4	2	2	5	4	0.088
4	2	2	5	5	0.048
4	2	3	1	1	0.485
4	2	3	1	2	0.459
4	2	3	1	3	0.453
4	2	3	1	4	0.351
4	2	3	1	5	0.246
4	2	3	2	1	0.427
4	2	3	2	2	0.402
4	2	3	2	3	0.395
4	2	3	2	4	0.294
4	2	3	2	5	0.188
4	2	3	3	1	0.413
4	2	3	3	2	0.387
4	2	3	3	3	0.381
4	2	3	3	4	0.279
4	2	3	3	5	0.174
4	2	3	4	1	0.307
4	2	3	4	2	0.281
4	2	3	4	3	0.275
4	2	3	4	4	0.198
4	2	3	4	5	0.119
4	2	3	5	1	0.147
4	2	3	5	2	0.121
4	2	3	5	3	0.115
4	2	3	5	4	0.077
4	2	3	5	5	0.037
4	2	4	1	1	0.423
4	2	4	1	2	0.398
4	2	4	1	3	0.391
4	2	4	1	4	0.310
4	2	4	1	5	0.226
4	2	4	2	1	0.365
4	2	4	2	2	0.340
4	2	4	2	3	0.333
4	2	4	2	4	0.253
4	2	4	2	5	0.169
4	2	4	3	1	0.351
4	2	4	3	2	0.326
4	2	4	3	3	0.319
4	2	4	3	4	0.238
4	2	4	3	5	0.154
4	2	4	4	1	0.262
4	2	4	4	2	0.236
4	2	4	4	3	0.230
4	2	4	4	4	0.166
4	2	4	4	5	0.100
4	2	4	5	1	0.127
4	2	4	5	2	0.102
4	2	4	5	3	0.095
4	2	4	5	4	0.057
4	2	4	5	5	0.017
4	2	5	1	1	0.297
4	2	5	1	2	0.271
4	2	5	1	3	0.265
4	2	5	1	4	0.227
4	2	5	1	5	0.187
4	2	5	2	1	0.239
4	2	5	2	2	0.214
4	2	5	2	3	0.207
4	2	5	2	4	0.169
4	2	5	2	5	0.129
4	2	5	3	1	0.225
4	2	5	3	2	0.199
4	2	5	3	3	0.193
4	2	5	3	4	0.155
4	2	5	3	5	0.115
4	2	5	4	1	0.170
4	2	5	4	2	0.145
4	2	5	4	3	0.138
4	2	5	4	4	0.100
4	2	5	4	5	0.060
4	2	5	5	1	0.088
4	2	5	5	2	0.062
4	2	5	5	3	0.056
4	2	5	5	4	0.018
4	2	5	5	5	-0.022
4	3	1	1	1	0.524
4	3	1	1	2	0.498
4	3	1	1	3	0.492
4	3	1	1	4	0.390
4	3	1	1	5	0.285
4	3	1	2	1	0.466
4	3	1	2	2	0.440
4	3	1	2	3	0.434
4	3	1	2	4	0.332
4	3	1	2	5	0.227
4	3	1	3	1	0.452
4	3	1	3	2	0.426
4	3	1	3	3	0.420
4	3	1	3	4	0.318
4	3	1	3	5	0.213
4	3	1	4	1	0.345
4	3	1	4	2	0.320
4	3	1	4	3	0.313
4	3	1	4	4	0.237
4	3	1	4	5	0.158
4	3	1	5	1	0.186
4	3	1	5	2	0.160
4	3	1	5	3	0.154
4	3	1	5	4	0.115
4	3	1	5	5	0.076
4	3	2	1	1	0.476
4	3	2	1	2	0.451
4	3	2	1	3	0.444
4	3	2	1	4	0.343
4	3	2	1	5	0.237
4	3	2	2	1	0.419
4	3	2	2	2	0.393
4	3	2	2	3	0.387
4	3	2	2	4	0.285
4	3	2	2	5	0.180
4	3	2	3	1	0.404
4	3	2	3	2	0.379
4	3	2	3	3	0.372
4	3	2	3	4	0.271
4	3	2	3	5	0.165
4	3	2	4	1	0.298
4	3	2	4	2	0.273
4	3	2	4	3	0.266
4	3	2	4	4	0.190
4	3	2	4	5	0.111
4	3	2	5	1	0.138
4	3	2	5	2	0.113
4	3	2	5	3	0.106
4	3	2	5	4	0.068
4	3	2	5	5	0.028
4	3	3	1	1	0.465
4	3	3	1	2	0.439
4	3	3	1	3	0.433
4	3	3	1	4	0.331
4	3	3	1	5	0.226
4	3	3	2	1	0.407
4	3	3	2	2	0.381
4	3	3	2	3	0.375
4	3	3	2	4	0.273
4	3	3	2	5	0.168
4	3	3	3	1	0.393
4	3	3	3	2	0.367
4	3	3	3	3	0.361
4	3	3	3	4	0.259
4	3	3	3	5	0.154
4	3	3	4	1	0.286
4	3	3	4	2	0.261
4	3	3	4	3	0.254
4	3	3	4	4	0.178
4	3	3	4	5	0.099
4	3	3	5	1	0.127
4	3	3	5	2	0.101
4	3	3	5	3	0.095
4	3	3	5	4	0.056
4	3	3	5	5	0.017
4	3	4	1	1	0.403
4	3	4	1	2	0.377
4	3	4	1	3	0.371
4	3	4	1	4	0.290
4	3	4	1	5	0.206
4	3	4	2	1	0.345
4	3	4	2	2	0.320
4	3	4	2	3	0.313
4	3	4	2	4	0.232
4	3	4	2	5	0.149
4	3	4	3	1	0.331
4	3	4	3	2	0.305
4	3	4	3	3	0.299
4	3	4	3	4	0.218
4	3	4	3	5	0.134
4	3	4	4	1	0.241
4	3	4	4	2	0.216
4	3	4	4	3	0.209
4	3	4	4	4	0.146
4	3	4	4	5	0.079
4	3	4	5	1	0.107
4	3	4	5	2	0.082
4	3	4	5	3	0.075
4	3	4	5	4	0.037
4	3	4	5	5	-0.003
4	3	5	1	1	0.277
4	3	5	1	2	0.251
4	3	5	1	3	0.245
4	3	5	1	4	0.206
4	3	5	1	5	0.167
4	3	5	2	1	0.219
4	3	5	2	2	0.194
4	3	5	2	3	0.187
4	3	5	2	4	0.149
4	3	5	2	5	0.109
4	3	5	3	1	0.205
4	3	5	3	2	0.179
4	3	5	3	3	0.173
4	3	5	3	4	0.134
4	3	5	3	5	0.095
4	3	5	4	1	0.150
4	3	5	4	2	0.124
4	3	5	4	3	0.118
4	3	5	4	4	0.080
4	3	5	4	5	0.040
4	3	5	5	1	0.068
4	3	5	5	2	0.042
4	3	5	5	3	0.036
4	3	5	5	4	-0.003
4	3	5	5	5	-0.042
4	4	1	1	1	0.463
4	4	1	1	2	0.437
4	4	1	1	3	0.431
4	4	1	1	4	0.345
4	4	1	1	5	0.255
4	4	1	2	1	0.405
4	4	1	2	2	0.380
4	4	1	2	3	0.373
4	4	1	2	4	0.287
4	4	1	2	5	0.197
4	4	1	3	1	0.391
4	4	1	3	2	0.365
4	4	1	3	3	0.359
4	4	1	3	4	0.273
4	4	1	3	5	0.183
4	4	1	4	1	0.297
4	4	1	4	2	0.272
4	4	1	4	3	0.265
4	4	1	4	4	0.198
4	4	1	4	5	0.128
4	4	1	5	1	0.156
4	4	1	5	2	0.131
4	4	1	5	3	0.124
4	4	1	5	4	0.086
4	4	1	5	5	0.046
4	4	2	1	1	0.415
4	4	2	1	2	0.390
4	4	2	1	3	0.383
4	4	2	1	4	0.297
4	4	2	1	5	0.208
4	4	2	2	1	0.358
4	4	2	2	2	0.332
4	4	2	2	3	0.326
4	4	2	2	4	0.240
4	4	2	2	5	0.150
4	4	2	3	1	0.343
4	4	2	3	2	0.318
4	4	2	3	3	0.311
4	4	2	3	4	0.225
4	4	2	3	5	0.136
4	4	2	4	1	0.250
4	4	2	4	2	0.224
4	4	2	4	3	0.218
4	4	2	4	4	0.151
4	4	2	4	5	0.081
4	4	2	5	1	0.109
4	4	2	5	2	0.083
4	4	2	5	3	0.077
4	4	2	5	4	0.039
4	4	2	5	5	-0.001
4	4	3	1	1	0.404
4	4	3	1	2	0.378
4	4	3	1	3	0.372
4	4	3	1	4	0.286
4	4	3	1	5	0.196
4	4	3	2	1	0.346
4	4	3	2	2	0.321
4	4	3	2	3	0.314
4	4	3	2	4	0.228
4	4	3	2	5	0.138
4	4	3	3	1	0.332
4	4	3	3	2	0.306
4	4	3	3	3	0.300
4	4	3	3	4	0.214
4	4	3	3	5	0.124
4	4	3	4	1	0.238
4	4	3	4	2	0.213
4	4	3	4	3	0.206
4	4	3	4	4	0.139
4	4	3	4	5	0.069
4	4	3	5	1	0.097
4	4	3	5	2	0.072
4	4	3	5	3	0.065
4	4	3	5	4	0.027
4	4	3	5	5	-0.013
4	4	4	1	1	0.352
4	4	4	1	2	0.327
4	4	4	1	3	0.320
4	4	4	1	4	0.250
4	4	4	1	5	0.177
4	4	4	2	1	0.295
4	4	4	2	2	0.269
4	4	4	2	3	0.263
4	4	4	2	4	0.192
4	4	4	2	5	0.119
4	4	4	3	1	0.280
4	4	4	3	2	0.255
4	4	4	3	3	0.248
4	4	4	3	4	0.178
4	4	4	3	5	0.105
4	4	4	4	1	0.199
4	4	4	4	2	0.174
4	4	4	4	3	0.167
4	4	4	4	4	0.110
4	4	4	4	5	0.050
4	4	4	5	1	0.078
4	4	4	5	2	0.052
4	4	4	5	3	0.046
4	4	4	5	4	0.008
4	4	4	5	5	-0.032
4	4	5	1	1	0.247
4	4	5	1	2	0.222
4	4	5	1	3	0.215
4	4	5	1	4	0.177
4	4	5	1	5	0.137
4	4	5	2	1	0.189
4	4	5	2	2	0.164
4	4	5	2	3	0.157
4	4	5	2	4	0.119
4	4	5	2	5	0.079
4	4	5	3	1	0.175
4	4	5	3	2	0.150
4	4	5	3	3	0.143
4	4	5	3	4	0.105
4	4	5	3	5	0.065
4	4	5	4	1	0.120
4	4	5	4	2	0.095
4	4	5	4	3	0.088
4	4	5	4	4	0.050
4	4	5	4	5	0.010
4	4	5	5	1	0.038
4	4	5	5	2	0.013
4	4	5	5	3	0.006
4	4	5	5	4	-0.032
4	4	5	5	5	-0.072
4	5	1	1	1	0.274
4	5	1	1	2	0.248
4	5	1	1	3	0.242
4	5	1	1	4	0.203
4	5	1	1	5	0.164
4	5	1	2	1	0.216
4	5	1	2	2	0.191
4	5	1	2	3	0.184
4	5	1	2	4	0.146
4	5	1	2	5	0.106
4	5	1	3	1	0.202
4	5	1	3	2	0.176
4	5	1	3	3	0.170
4	5	1	3	4	0.131
4	5	1	3	5	0.092
4	5	1	4	1	0.147
4	5	1	4	2	0.121
4	5	1	4	3	0.115
4	5	1	4	4	0.077
4	5	1	4	5	0.037
4	5	1	5	1	0.065
4	5	1	5	2	0.039
4	5	1	5	3	0.033
4	5	1	5	4	-0.006
4	5	1	5	5	-0.045
4	5	2	1	1	0.226
4	5	2	1	2	0.201
4	5	2	1	3	0.194
4	5	2	1	4	0.156
4	5	2	1	5	0.116
4	5	2	2	1	0.169
4	5	2	2	2	0.143
4	5	2	2	3	0.137
4	5	2	2	4	0.098
4	5	2	2	5	0.059
4	5	2	3	1	0.154
4	5	2	3	2	0.129
4	5	2	3	3	0.122
4	5	2	3	4	0.084
4	5	2	3	5	0.044
4	5	2	4	1	0.100
4	5	2	4	2	0.074
4	5	2	4	3	0.068
4	5	2	4	4	0.029
4	5	2	4	5	-0.010
4	5	2	5	1	0.017
4	5	2	5	2	-0.008
4	5	2	5	3	-0.015
4	5	2	5	4	-0.053
4	5	2	5	5	-0.093
4	5	3	1	1	0.215
4	5	3	1	2	0.189
4	5	3	1	3	0.183
4	5	3	1	4	0.144
4	5	3	1	5	0.105
4	5	3	2	1	0.157
4	5	3	2	2	0.132
4	5	3	2	3	0.125
4	5	3	2	4	0.087
4	5	3	2	5	0.047
4	5	3	3	1	0.143
4	5	3	3	2	0.117
4	5	3	3	3	0.111
4	5	3	3	4	0.072
4	5	3	3	5	0.033
4	5	3	4	1	0.088
4	5	3	4	2	0.062
4	5	3	4	3	0.056
4	5	3	4	4	0.018
4	5	3	4	5	-0.022
4	5	3	5	1	0.006
4	5	3	5	2	-0.020
4	5	3	5	3	-0.026
4	5	3	5	4	-0.065
4	5	3	5	5	-0.104
4	5	4	1	1	0.195
4	5	4	1	2	0.170
4	5	4	1	3	0.163
4	5	4	1	4	0.125
4	5	4	1	5	0.085
4	5	4	2	1	0.138
4	5	4	2	2	0.112
4	5	4	2	3	0.106
4	5	4	2	4	0.067
4	5	4	2	5	0.028
4	5	4	3	1	0.123
4	5	4	3	2	0.098
4	5	4	3	3	0.091
4	5	4	3	4	0.053
4	5	4	3	5	0.013
4	5	4	4	1	0.068
4	5	4	4	2	0.043
4	5	4	4	3	0.036
4	5	4	4	4	-0.002
4	5	4	4	5	-0.042
4	5	4	5	1	-0.014
4	5	4	5	2	-0.039
4	5	4	5	3	-0.046
4	5	4	5	4	-0.084
4	5	4	5	5	-0.124
4	5	5	1	1	0.156
4	5	5	1	2	0.130
4	5	5	1	3	0.124
4	5	5	1	4	0.085
4	5	5	1	5	0.046
4	5	5	2	1	0.098
4	5	5	2	2	0.073
4	5	5	2	3	0.066
4	5	5	2	4	0.028
4	5	5	2	5	-0.012
4	5	5	3	1	0.084
4	5	5	3	2	0.058
4	5	5	3	3	0.052
4	5	5	3	4	0.013
4	5	5	3	5	-0.026
4	5	5	4	1	0.029
4	5	5	4	2	0.003
4	5	5	4	3	-0.003
4	5	5	4	4	-0.041
4	5	5	4	5	-0.081
4	5	5	5	1	-0.053
4	5	5	5	2	-0.079
4	5	5	5	3	-0.085
4	5	5	5	4	-0.124
4	5	5	5	5	-0.163
5	1	1	1	1	0.227
5	1	1	1	2	0.202
5	1	1	1	3	0.195
5	1	1	1	4	0.157
5	1	1	1	5	0.117
5	1	1	2	1	0.169
5	1	1	2	2	0.144
5	1	1	2	3	0.137
5	1	1	2	4	0.099
5	1	1	2	5	0.059
5	1	1	3	1	0.155
5	1	1	3	2	0.130
5	1	1	3	3	0.123
5	1	1	3	4	0.085
5	1	1	3	5	0.045
5	1	1	4	1	0.100
5	1	1	4	2	0.075
5	1	1	4	3	0.068
5	1	1	4	4	0.030
5	1	1	4	5	-0.010
5	1	1	5	1	0.018
5	1	1	5	2	-0.007
5	1	1	5	3	-0.014
5	1	1	5	4	-0.052
5	1	1	5	5	-0.092
5	1	2	1	1	0.180
5	1	2	1	2	0.154
5	1	2	1	3	0.148
5	1	2	1	4	0.109
5	1	2	1	5	0.070
5	1	2	2	1	0.122
5	1	2	2	2	0.097
5	1	2	2	3	0.090
5	1	2	2	4	0.052
5	1	2	2	5	0.012
5	1	2	3	1	0.108
5	1	2	3	2	0.082
5	1	2	3	3	0.076
5	1	2	3	4	0.037
5	1	2	3	5	-0.002
5	1	2	4	1	0.053
5	1	2	4	2	0.028
5	1	2	4	3	0.021
5	1	2	4	4	-0.017
5	1	2	4	5	-0.057
5	1	2	5	1	-0.029
5	1	2	5	2	-0.055
5	1	2	5	3	-0.061
5	1	2	5	4	-0.100
5	1	2	5	5	-0.139
5	1	3	1	1	0.168
5	1	3	1	2	0.143
5	1	3	1	3	0.136
5	1	3	1	4	0.098
5	1	3	1	5	0.058
5	1	3	2	1	0.110
5	1	3	2	2	0.085
5	1	3	2	3	0.078
5	1	3	2	4	0.040
5	1	3	2	5	0.000
5	1	3	3	1	0.096
5	1	3	3	2	0.071
5	1	3	3	3	0.064
5	1	3	3	4	0.026
5	1	3	3	5	-0.014
5	1	3	4	1	0.041
5	1	3	4	2	0.016
5	1	3	4	3	0.009
5	1	3	4	4	-0.029
5	1	3	4	5	-0.069
5	1	3	5	1	-0.041
5	1	3	5	2	-0.066
5	1	3	5	3	-0.073
5	1	3	5	4	-0.111
5	1	3	5	5	-0.151
5	1	4	1	1	0.149
5	1	4	1	2	0.123
5	1	4	1	3	0.117
5	1	4	1	4	0.078
5	1	4	1	5	0.039
5	1	4	2	1	0.091
5	1	4	2	2	0.066
5	1	4	2	3	0.059
5	1	4	2	4	0.021
5	1	4	2	5	-0.019
5	1	4	3	1	0.077
5	1	4	3	2	0.051
5	1	4	3	3	0.045
5	1	4	3	4	0.006
5	1	4	3	5	-0.033
5	1	4	4	1	0.022
5	1	4	4	2	-0.003
5	1	4	4	3	-0.010
5	1	4	4	4	-0.048
5	1	4	4	5	-0.088
5	1	4	5	1	-0.060
5	1	4	5	2	-0.086
5	1	4	5	3	-0.092
5	1	4	5	4	-0.131
5	1	4	5	5	-0.170
5	1	5	1	1	0.109
5	1	5	1	2	0.084
5	1	5	1	3	0.077
5	1	5	1	4	0.039
5	1	5	1	5	-0.001
5	1	5	2	1	0.051
5	1	5	2	2	0.026
5	1	5	2	3	0.019
5	1	5	2	4	-0.019
5	1	5	2	5	-0.059
5	1	5	3	1	0.037
5	1	5	3	2	0.012
5	1	5	3	3	0.005
5	1	5	3	4	-0.033
5	1	5	3	5	-0.073
5	1	5	4	1	-0.018
5	1	5	4	2	-0.043
5	1	5	4	3	-0.050
5	1	5	4	4	-0.088
5	1	5	4	5	-0.128
5	1	5	5	1	-0.100
5	1	5	5	2	-0.125
5	1	5	5	3	-0.132
5	1	5	5	4	-0.170
5	1	5	5	5	-0.210
5	2	1	1	1	0.126
5	2	1	1	2	0.101
5	2	1	1	3	0.094
5	2	1	1	4	0.056
5	2	1	1	5	0.016
5	2	1	2	1	0.069
5	2	1	2	2	0.043
5	2	1	2	3	0.037
5	2	1	2	4	-0.002
5	2	1	2	5	-0.041
5	2	1	3	1	0.054
5	2	1	3	2	0.029
5	2	1	3	3	0.022
5	2	1	3	4	-0.016
5	2	1	3	5	-0.056
5	2	1	4	1	0.000
5	2	1	4	2	-0.026
5	2	1	4	3	-0.032
5	2	1	4	4	-0.071
5	2	1	4	5	-0.110
5	2	1	5	1	-0.083
5	2	1	5	2	-0.108
5	2	1	5	3	-0.115
5	2	1	5	4	-0.153
5	2	1	5	5	-0.193
5	2	2	1	1	0.079
5	2	2	1	2	0.054
5	2	2	1	3	0.047
5	2	2	1	4	0.009
5	2	2	1	5	-0.031
5	2	2	2	1	0.021
5	2	2	2	2	-0.004
5	2	2	2	3	-0.011
5	2	2	2	4	-0.049
5	2	2	2	5	-0.089
5	2	2	3	1	0.007
5	2	2	3	2	-0.018
5	2	2	3	3	-0.025
5	2	2	3	4	-0.063
5	2	2	3	5	-0.103
5	2	2	4	1	-0.048
5	2	2	4	2	-0.073
5	2	2	4	3	-0.080
5	2	2	4	4	-0.118
5	2	2	4	5	-0.158
5	2	2	5	1	-0.130
5	2	2	5	2	-0.155
5	2	2	5	3	-0.162
5	2	2	5	4	-0.200
5	2	2	5	5	-0.240
5	2	3	1	1	0.067
5	2	3	1	2	0.042
5	2	3	1	3	0.035
5	2	3	1	4	-0.003
5	2	3	1	5	-0.043
5	2	3	2	1	0.010
5	2	3	2	2	-0.016
5	2	3	2	3	-0.022
5	2	3	2	4	-0.061
5	2	3	2	5	-0.100
5	2	3	3	1	-0.005
5	2	3	3	2	-0.030
5	2	3	3	3	-0.037
5	2	3	3	4	-0.075
5	2	3	3	5	-0.115
5	2	3	4	1	-0.059
5	2	3	4	2	-0.085
5	2	3	4	3	-0.091
5	2	3	4	4	-0.130
5	2	3	4	5	-0.169
5	2	3	5	1	-0.142
5	2	3	5	2	-0.167
5	2	3	5	3	-0.174
5	2	3	5	4	-0.212
5	2	3	5	5	-0.252
5	2	4	1	1	0.048
5	2	4	1	2	0.022
5	2	4	1	3	0.016
5	2	4	1	4	-0.022
5	2	4	1	5	-0.062
5	2	4	2	1	-0.010
5	2	4	2	2	-0.035
5	2	4	2	3	-0.042
5	2	4	2	4	-0.080
5	2	4	2	5	-0.120
5	2	4	3	1	-0.024
5	2	4	3	2	-0.050
5	2	4	3	3	-0.056
5	2	4	3	4	-0.094
5	2	4	3	5	-0.134
5	2	4	4	1	-0.079
5	2	4	4	2	-0.104
5	2	4	4	3	-0.111
5	2	4	4	4	-0.149
5	2	4	4	5	-0.189
5	2	4	5	1	-0.161
5	2	4	5	2	-0.187
5	2	4	5	3	-0.193
5	2	4	5	4	-0.231
5	2	4	5	5	-0.271
5	2	5	1	1	0.008
5	2	5	1	2	-0.017
5	2	5	1	3	-0.024
5	2	5	1	4	-0.062
5	2	5	1	5	-0.102
5	2	5	2	1	-0.049
5	2	5	2	2	-0.075
5	2	5	2	3	-0.081
5	2	5	2	4	-0.120
5	2	5	2	5	-0.159
5	2	5	3	1	-0.064
5	2	5	3	2	-0.089
5	2	5	3	3	-0.096
5	2	5	3	4	-0.134
5	2	5	3	5	-0.174
5	2	5	4	1	-0.118
5	2	5	4	2	-0.144
5	2	5	4	3	-0.150
5	2	5	4	4	-0.189
5	2	5	4	5	-0.228
5	2	5	5	1	-0.201
5	2	5	5	2	-0.226
5	2	5	5	3	-0.233
5	2	5	5	4	-0.271
5	2	5	5	5	-0.311
5	3	1	1	1	0.106
5	3	1	1	2	0.081
5	3	1	1	3	0.074
5	3	1	1	4	0.036
5	3	1	1	5	-0.004
5	3	1	2	1	0.048
5	3	1	2	2	0.023
5	3	1	2	3	0.016
5	3	1	2	4	-0.022
5	3	1	2	5	-0.062
5	3	1	3	1	0.034
5	3	1	3	2	0.009
5	3	1	3	3	0.002
5	3	1	3	4	-0.036
5	3	1	3	5	-0.076
5	3	1	4	1	-0.021
5	3	1	4	2	-0.046
5	3	1	4	3	-0.053
5	3	1	4	4	-0.091
5	3	1	4	5	-0.131
5	3	1	5	1	-0.103
5	3	1	5	2	-0.128
5	3	1	5	3	-0.135
5	3	1	5	4	-0.173
5	3	1	5	5	-0.213
5	3	2	1	1	0.059
5	3	2	1	2	0.033
5	3	2	1	3	0.027
5	3	2	1	4	-0.012
5	3	2	1	5	-0.051
5	3	2	2	1	0.001
5	3	2	2	2	-0.024
5	3	2	2	3	-0.031
5	3	2	2	4	-0.069
5	3	2	2	5	-0.109
5	3	2	3	1	-0.013
5	3	2	3	2	-0.039
5	3	2	3	3	-0.045
5	3	2	3	4	-0.084
5	3	2	3	5	-0.123
5	3	2	4	1	-0.068
5	3	2	4	2	-0.093
5	3	2	4	3	-0.100
5	3	2	4	4	-0.138
5	3	2	4	5	-0.178
5	3	2	5	1	-0.150
5	3	2	5	2	-0.176
5	3	2	5	3	-0.182
5	3	2	5	4	-0.221
5	3	2	5	5	-0.260
5	3	3	1	1	0.047
5	3	3	1	2	0.022
5	3	3	1	3	0.015
5	3	3	1	4	-0.023
5	3	3	1	5	-0.063
5	3	3	2	1	-0.011
5	3	3	2	2	-0.036
5	3	3	2	3	-0.043
5	3	3	2	4	-0.081
5	3	3	2	5	-0.121
5	3	3	3	1	-0.025
5	3	3	3	2	-0.050
5	3	3	3	3	-0.057
5	3	3	3	4	-0.095
5	3	3	3	5	-0.135
5	3	3	4	1	-0.080
5	3	3	4	2	-0.105
5	3	3	4	3	-0.112
5	3	3	4	4	-0.150
5	3	3	4	5	-0.190
5	3	3	5	1	-0.162
5	3	3	5	2	-0.187
5	3	3	5	3	-0.194
5	3	3	5	4	-0.232
5	3	3	5	5	-0.272
5	3	4	1	1	0.028
5	3	4	1	2	0.002
5	3	4	1	3	-0.004
5	3	4	1	4	-0.043
5	3	4	1	5	-0.082
5	3	4	2	1	-0.030
5	3	4	2	2	-0.055
5	3	4	2	3	-0.062
5	3	4	2	4	-0.100
5	3	4	2	5	-0.140
5	3	4	3	1	-0.044
5	3	4	3	2	-0.070
5	3	4	3	3	-0.076
5	3	4	3	4	-0.115
5	3	4	3	5	-0.154
5	3	4	4	1	-0.099
5	3	4	4	2	-0.124
5	3	4	4	3	-0.131
5	3	4	4	4	-0.169
5	3	4	4	5	-0.209
5	3	4	5	1	-0.181
5	3	4	5	2	-0.207
5	3	4	5	3	-0.213
5	3	4	5	4	-0.252
5	3	4	5	5	-0.291
5	3	5	1	1	-0.012
5	3	5	1	2	-0.037
5	3	5	1	3	-0.044
5	3	5	1	4	-0.082
5	3	5	1	5	-0.122
5	3	5	2	1	-0.070
5	3	5	2	2	-0.095
5	3	5	2	3	-0.102
5	3	5	2	4	-0.140
5	3	5	2	5	-0.180
5	3	5	3	1	-0.084
5	3	5	3	2	-0.109
5	3	5	3	3	-0.116
5	3	5	3	4	-0.154
5	3	5	3	5	-0.194
5	3	5	4	1	-0.139
5	3	5	4	2	-0.164
5	3	5	4	3	-0.171
5	3	5	4	4	-0.209
5	3	5	4	5	-0.249
5	3	5	5	1	-0.221
5	3	5	5	2	-0.246
5	3	5	5	3	-0.253
5	3	5	5	4	-0.291
5	3	5	5	5	-0.331
5	4	1	1	1	0.077
5	4	1	1	2	0.051
5	4	1	1	3	0.045
5	4	1	1	4	0.006
5	4	1	1	5	-0.033
5	4	1	2	1	0.019
5	4	1	2	2	-0.006
5	4	1	2	3	-0.013
5	4	1	2	4	-0.051
5	4	1	2	5	-0.091
5	4	1	3	1	0.005
5	4	1	3	2	-0.021
5	4	1	3	3	-0.027
5	4	1	3	4	-0.066
5	4	1	3	5	-0.105
5	4	1	4	1	-0.050
5	4	1	4	2	-0.076
5	4	1	4	3	-0.082
5	4	1	4	4	-0.120
5	4	1	4	5	-0.160
5	4	1	5	1	-0.132
5	4	1	5	2	-0.158
5	4	1	5	3	-0.164
5	4	1	5	4	-0.203
5	4	1	5	5	-0.242
5	4	2	1	1	0.029
5	4	2	1	2	0.004
5	4	2	1	3	-0.003
5	4	2	1	4	-0.041
5	4	2	1	5	-0.081
5	4	2	2	1	-0.028
5	4	2	2	2	-0.054
5	4	2	2	3	-0.060
5	4	2	2	4	-0.099
5	4	2	2	5	-0.138
5	4	2	3	1	-0.043
5	4	2	3	2	-0.068
5	4	2	3	3	-0.075
5	4	2	3	4	-0.113
5	4	2	3	5	-0.153
5	4	2	4	1	-0.097
5	4	2	4	2	-0.123
5	4	2	4	3	-0.129
5	4	2	4	4	-0.168
5	4	2	4	5	-0.207
5	4	2	5	1	-0.180
5	4	2	5	2	-0.205
5	4	2	5	3	-0.212
5	4	2	5	4	-0.250
5	4	2	5	5	-0.290
5	4	3	1	1	0.018
5	4	3	1	2	-0.008
5	4	3	1	3	-0.014
5	4	3	1	4	-0.053
5	4	3	1	5	-0.092
5	4	3	2	1	-0.040
5	4	3	2	2	-0.065
5	4	3	2	3	-0.072
5	4	3	2	4	-0.110
5	4	3	2	5	-0.150
5	4	3	3	1	-0.054
5	4	3	3	2	-0.080
5	4	3	3	3	-0.086
5	4	3	3	4	-0.125
5	4	3	3	5	-0.164
5	4	3	4	1	-0.109
5	4	3	4	2	-0.135
5	4	3	4	3	-0.141
5	4	3	4	4	-0.179
5	4	3	4	5	-0.219
5	4	3	5	1	-0.191
5	4	3	5	2	-0.217
5	4	3	5	3	-0.223
5	4	3	5	4	-0.262
5	4	3	5	5	-0.301
5	4	4	1	1	-0.002
5	4	4	1	2	-0.027
5	4	4	1	3	-0.034
5	4	4	1	4	-0.072
5	4	4	1	5	-0.112
5	4	4	2	1	-0.059
5	4	4	2	2	-0.085
5	4	4	2	3	-0.091
5	4	4	2	4	-0.130
5	4	4	2	5	-0.169
5	4	4	3	1	-0.074
5	4	4	3	2	-0.099
5	4	4	3	3	-0.106
5	4	4	3	4	-0.144
5	4	4	3	5	-0.184
5	4	4	4	1	-0.129
5	4	4	4	2	-0.154
5	4	4	4	3	-0.161
5	4	4	4	4	-0.199
5	4	4	4	5	-0.239
5	4	4	5	1	-0.211
5	4	4	5	2	-0.236
5	4	4	5	3	-0.243
5	4	4	5	4	-0.281
5	4	4	5	5	-0.321
5	4	5	1	1	-0.041
5	4	5	1	2	-0.067
5	4	5	1	3	-0.073
5	4	5	1	4	-0.112
5	4	5	1	5	-0.151
5	4	5	2	1	-0.099
5	4	5	2	2	-0.124
5	4	5	2	3	-0.131
5	4	5	2	4	-0.169
5	4	5	2	5	-0.209
5	4	5	3	1	-0.113
5	4	5	3	2	-0.139
5	4	5	3	3	-0.145
5	4	5	3	4	-0.184
5	4	5	3	5	-0.223
5	4	5	4	1	-0.168
5	4	5	4	2	-0.194
5	4	5	4	3	-0.200
5	4	5	4	4	-0.238
5	4	5	4	5	-0.278
5	4	5	5	1	-0.250
5	4	5	5	2	-0.276
5	4	5	5	3	-0.282
5	4	5	5	4	-0.321
5	4	5	5	5	-0.360
5	5	1	1	1	-0.015
5	5	1	1	2	-0.040
5	5	1	1	3	-0.047
5	5	1	1	4	-0.085
5	5	1	1	5	-0.125
5	5	1	2	1	-0.073
5	5	1	2	2	-0.098
5	5	1	2	3	-0.105
5	5	1	2	4	-0.143
5	5	1	2	5	-0.183
5	5	1	3	1	-0.087
5	5	1	3	2	-0.112
5	5	1	3	3	-0.119
5	5	1	3	4	-0.157
5	5	1	3	5	-0.197
5	5	1	4	1	-0.142
5	5	1	4	2	-0.167
5	5	1	4	3	-0.174
5	5	1	4	4	-0.212
5	5	1	4	5	-0.252
5	5	1	5	1	-0.224
5	5	1	5	2	-0.249
5	5	1	5	3	-0.256
5	5	1	5	4	-0.294
5	5	1	5	5	-0.334
5	5	2	1	1	-0.062
5	5	2	1	2	-0.088
5	5	2	1	3	-0.094
5	5	2	1	4	-0.133
5	5	2	1	5	-0.172
5	5	2	2	1	-0.120
5	5	2	2	2	-0.145
5	5	2	2	3	-0.152
5	5	2	2	4	-0.190
5	5	2	2	5	-0.230
5	5	2	3	1	-0.134
5	5	2	3	2	-0.160
5	5	2	3	3	-0.166
5	5	2	3	4	-0.205
5	5	2	3	5	-0.244
5	5	2	4	1	-0.189
5	5	2	4	2	-0.214
5	5	2	4	3	-0.221
5	5	2	4	4	-0.259
5	5	2	4	5	-0.299
5	5	2	5	1	-0.271
5	5	2	5	2	-0.297
5	5	2	5	3	-0.303
5	5	2	5	4	-0.342
5	5	2	5	5	-0.381
5	5	3	1	1	-0.074
5	5	3	1	2	-0.099
5	5	3	1	3	-0.106
5	5	3	1	4	-0.144
5	5	3	1	5	-0.184
5	5	3	2	1	-0.132
5	5	3	2	2	-0.157
5	5	3	2	3	-0.164
5	5	3	2	4	-0.202
5	5	3	2	5	-0.242
5	5	3	3	1	-0.146
5	5	3	3	2	-0.171
5	5	3	3	3	-0.178
5	5	3	3	4	-0.216
5	5	3	3	5	-0.256
5	5	3	4	1	-0.201
5	5	3	4	2	-0.226
5	5	3	4	3	-0.233
5	5	3	4	4	-0.271
5	5	3	4	5	-0.311
5	5	3	5	1	-0.283
5	5	3	5	2	-0.308
5	5	3	5	3	-0.315
5	5	3	5	4	-0.353
5	5	3	5	5	-0.393
5	5	4	1	1	-0.093
5	5	4	1	2	-0.119
5	5	4	1	3	-0.125
5	5	4	1	4	-0.164
5	5	4	1	5	-0.203
5	5	4	2	1	-0.151
5	5	4	2	2	-0.176
5	5	4	2	3	-0.183
5	5	4	2	4	-0.221
5	5	4	2	5	-0.261
5	5	4	3	1	-0.165
5	5	4	3	2	-0.191
5	5	4	3	3	-0.197
5	5	4	3	4	-0.236
5	5	4	3	5	-0.275
5	5	4	4	1	-0.220
5	5	4	4	2	-0.245
5	5	4	4	3	-0.252
5	5	4	4	4	-0.290
5	5	4	4	5	-0.330
5	5	4	5	1	-0.302
5	5	4	5	2	-0.328
5	5	4	5	3	-0.334
5	5	4	5	4	-0.373
5	5	4	5	5	-0.412
5	5	5	1	1	-0.133
5	5	5	1	2	-0.158
5	5	5	1	3	-0.165
5	5	5	1	4	-0.203
5	5	5	1	5	-0.243
5	5	5	2	1	-0.191
5	5	5	2	2	-0.216
5	5	5	2	3	-0.223
5	5	5	2	4	-0.261
5	5	5	2	5	-0.301
5	5	5	3	1	-0.205
5	5	5	3	2	-0.230
5	5	5	3	3	-0.237
5	5	5	3	4	-0.275
5	5	5	3	5	-0.315
5	5	5	4	1	-0.260
5	5	5	4	2	-0.285
5	5	5	4	3	-0.292
5	5	5	4	4	-0.330
5	5	5	4	5	-0.370
5	5	5	5	1	-0.342
5	5	5	5	2	-0.367
5	5	5	5	3	-0.374
5	5	5	5	4	-0.412
5	5	5	5	5	-0.452
